228 2453 0
2453 228 0
25 6 0
6 25 0
30 6 0
6 30 0
35 4 0
4 35 0
71 6 0
6 71 0
73 8 0
8 73 0
75 6 0
6 75 0
113 8 0
8 113 0
129 4 0
4 129 0
134 6 0
6 134 0
135 4 0
4 135 0
141 6 0
6 141 0
152 6 0
6 152 0
167 6 0
6 167 0
171 6 0
6 171 0
172 6 0
6 172 0
179 4 0
4 179 0
185 6 0
6 185 0
193 4 0
4 193 0
198 6 0
6 198 0
201 6 0
6 201 0
207 4 0
4 207 0
215 6 0
6 215 0
220 8 1
8 220 1
13 6 1
6 13 1
22 4 1
4 22 1
40 4 1
4 40 1
46 6 1
6 46 1
54 4 1
4 54 1
57 6 1
6 57 1
66 6 1
6 66 1
67 4 1
4 67 1
70 4 1
4 70 1
87 6 1
6 87 1
94 6 1
6 94 1
107 6 1
6 107 1
132 6 1
6 132 1
149 6 1
6 149 1
156 6 1
6 156 1
173 6 1
6 173 1
186 6 1
6 186 1
205 6 1
6 205 1
209 6 1
6 209 1
226 6 2
6 226 2
17 0 2
0 17 2
34 4 2
4 34 2
60 2 2
2 60 2
74 6 2
6 74 2
102 6 2
6 102 2
106 8 2
8 106 2
109 6 2
6 109 2
112 6 2
6 112 2
122 6 2
6 122 2
134 4 2
4 134 2
219 6 3
6 219 3
20 4 3
4 20 3
30 6 3
6 30 3
39 4 3
4 39 3
42 4 3
4 42 3
45 6 3
6 45 3
59 6 3
6 59 3
64 6 3
6 64 3
78 8 3
8 78 3
87 4 3
4 87 3
90 6 3
6 90 3
102 4 3
4 102 3
131 6 3
6 131 3
133 6 3
6 133 3
136 6 3
6 136 3
138 6 3
6 138 3
142 6 3
6 142 3
153 6 3
6 153 3
163 6 3
6 163 3
188 6 3
6 188 3
198 6 3
6 198 3
205 6 3
6 205 3
210 6 3
6 210 3
215 6 3
6 215 3
219 6 4
6 219 4
5 2 4
2 5 4
8 4 4
4 8 4
10 2 4
2 10 4
20 4 4
4 20 4
40 4 4
4 40 4
45 2 4
2 45 4
78 4 4
4 78 4
101 2 4
2 101 4
127 4 4
4 127 4
129 4 4
4 129 4
150 6 4
6 150 4
151 6 4
6 151 4
154 4 4
4 154 4
190 4 4
4 190 4
192 4 4
4 192 4
220 6 5
6 220 5
17 4 5
4 17 5
64 6 5
6 64 5
78 4 5
4 78 5
82 4 5
4 82 5
85 4 5
4 85 5
87 4 5
4 87 5
88 6 5
6 88 5
98 2 5
2 98 5
152 8 5
8 152 5
184 6 5
6 184 5
191 6 5
6 191 5
204 6 5
6 204 5
206 4 5
4 206 5
209 4 5
4 209 5
211 4 5
4 211 5
219 6 5
6 219 5
226 6 6
6 226 6
50 6 6
6 50 6
53 4 6
4 53 6
57 6 6
6 57 6
64 8 6
8 64 6
79 4 6
4 79 6
81 4 6
4 81 6
94 6 6
6 94 6
96 4 6
4 96 6
97 4 6
4 97 6
106 4 6
4 106 6
126 6 6
6 126 6
134 6 6
6 134 6
141 8 6
8 141 6
143 4 6
4 143 6
146 6 6
6 146 6
179 6 6
6 179 6
199 6 6
6 199 6
211 6 6
6 211 6
221 4 6
4 221 6
222 6 7
6 222 7
36 6 7
6 36 7
41 4 7
4 41 7
45 4 7
4 45 7
55 4 7
4 55 7
56 8 7
8 56 7
69 4 7
4 69 7
87 6 7
6 87 7
95 6 7
6 95 7
118 6 7
6 118 7
121 6 7
6 121 7
126 2 7
2 126 7
137 6 7
6 137 7
142 8 7
8 142 7
154 8 7
8 154 7
167 8 7
8 167 7
172 8 7
8 172 7
179 8 7
8 179 7
182 6 7
6 182 7
193 8 7
8 193 7
200 6 7
6 200 7
207 6 7
6 207 7
221 6 8
6 221 8
14 4 8
4 14 8
16 4 8
4 16 8
24 4 8
4 24 8
28 4 8
4 28 8
30 4 8
4 30 8
48 4 8
4 48 8
68 4 8
4 68 8
84 4 8
4 84 8
121 6 8
6 121 8
122 6 8
6 122 8
126 6 8
6 126 8
134 4 8
4 134 8
137 6 8
6 137 8
138 6 8
6 138 8
140 6 8
6 140 8
149 6 8
6 149 8
156 6 8
6 156 8
169 6 8
6 169 8
187 6 8
6 187 8
190 6 8
6 190 8
195 6 8
6 195 8
196 6 8
6 196 8
202 6 8
6 202 8
206 6 8
6 206 8
213 6 8
6 213 8
214 6 8
6 214 8
216 8 9
8 216 9
13 4 9
4 13 9
14 6 9
6 14 9
18 6 9
6 18 9
32 6 9
6 32 9
39 6 9
6 39 9
46 4 9
4 46 9
51 6 9
6 51 9
70 6 9
6 70 9
77 6 9
6 77 9
87 6 9
6 87 9
99 8 9
8 99 9
109 6 9
6 109 9
114 8 9
8 114 9
136 6 9
6 136 9
148 8 9
8 148 9
156 4 9
4 156 9
162 6 9
6 162 9
167 8 9
8 167 9
175 6 9
6 175 9
182 6 9
6 182 9
191 6 9
6 191 9
196 8 9
8 196 9
206 6 9
6 206 9
211 8 9
8 211 9
215 6 9
6 215 9
225 6 9
6 225 9
226 8 10
8 226 10
27 4 10
4 27 10
48 2 10
2 48 10
70 4 10
4 70 10
81 6 10
6 81 10
94 6 10
6 94 10
110 4 10
4 110 10
111 6 10
6 111 10
116 6 10
6 116 10
118 8 10
8 118 10
177 4 10
4 177 10
179 6 10
6 179 10
192 4 10
4 192 10
202 6 10
6 202 10
210 4 11
4 210 11
18 4 11
4 18 11
25 4 11
4 25 11
29 4 11
4 29 11
32 4 11
4 32 11
62 6 11
6 62 11
70 4 11
4 70 11
81 6 11
6 81 11
110 4 11
4 110 11
128 6 11
6 128 11
138 6 11
6 138 11
140 6 11
6 140 11
153 8 11
8 153 11
154 2 11
2 154 11
157 4 11
4 157 11
158 4 11
4 158 11
162 4 11
4 162 11
163 6 11
6 163 11
165 8 11
8 165 11
166 6 11
6 166 11
169 4 11
4 169 11
170 4 11
4 170 11
188 4 11
4 188 11
195 6 11
6 195 11
197 8 12
8 197 12
27 4 12
4 27 12
44 4 12
4 44 12
56 6 12
6 56 12
57 6 12
6 57 12
71 4 12
4 71 12
72 4 12
4 72 12
81 4 12
4 81 12
101 4 12
4 101 12
113 6 12
6 113 12
140 6 12
6 140 12
142 6 12
6 142 12
176 6 12
6 176 12
178 8 12
8 178 12
183 4 12
4 183 12
184 6 12
6 184 12
206 6 12
6 206 12
207 6 13
6 207 13
17 6 13
6 17 13
19 4 13
4 19 13
23 6 13
6 23 13
47 6 13
6 47 13
49 6 13
6 49 13
58 8 13
8 58 13
60 8 13
8 60 13
87 6 13
6 87 13
90 4 13
4 90 13
98 6 13
6 98 13
128 6 13
6 128 13
139 6 13
6 139 13
152 6 13
6 152 13
174 8 13
8 174 13
176 8 13
8 176 13
204 8 13
8 204 13
205 8 13
8 205 13
210 8 14
8 210 14
37 6 14
6 37 14
38 6 14
6 38 14
41 4 14
4 41 14
43 4 14
4 43 14
44 4 14
4 44 14
49 4 14
4 49 14
55 6 14
6 55 14
62 8 14
8 62 14
76 6 14
6 76 14
94 6 14
6 94 14
106 8 14
8 106 14
114 8 14
8 114 14
137 4 14
4 137 14
142 4 14
4 142 14
166 6 14
6 166 14
187 6 14
6 187 14
207 6 14
6 207 14
211 6 15
6 211 15
39 6 15
6 39 15
48 2 15
2 48 15
52 4 15
4 52 15
54 4 15
4 54 15
57 6 15
6 57 15
59 6 15
6 59 15
86 6 15
6 86 15
92 4 15
4 92 15
104 4 15
4 104 15
106 6 15
6 106 15
143 4 15
4 143 15
145 8 15
8 145 15
147 4 15
4 147 15
158 6 15
6 158 15
186 4 15
4 186 15
188 4 15
4 188 15
213 4 16
4 213 16
39 6 16
6 39 16
59 6 16
6 59 16
81 2 16
2 81 16
88 8 16
8 88 16
94 6 16
6 94 16
99 6 16
6 99 16
109 4 16
4 109 16
116 6 16
6 116 16
117 4 16
4 117 16
124 4 16
4 124 16
126 6 16
6 126 16
133 6 16
6 133 16
135 6 16
6 135 16
136 4 16
4 136 16
142 2 16
2 142 16
146 6 16
6 146 16
157 6 16
6 157 16
176 6 16
6 176 16
184 4 16
4 184 16
189 4 16
4 189 16
208 4 16
4 208 16
210 4 17
4 210 17
31 2 17
2 31 17
36 4 17
4 36 17
71 6 17
6 71 17
75 6 17
6 75 17
89 4 17
4 89 17
91 8 17
8 91 17
102 6 17
6 102 17
111 4 17
4 111 17
115 6 17
6 115 17
116 6 17
6 116 17
128 4 17
4 128 17
155 6 17
6 155 17
169 4 17
4 169 17
170 6 17
6 170 17
175 8 17
8 175 17
190 6 17
6 190 17
193 6 17
6 193 17
205 6 17
6 205 17
212 6 17
6 212 17
224 6 18
6 224 18
28 4 18
4 28 18
71 4 18
4 71 18
77 4 18
4 77 18
80 4 18
4 80 18
88 4 18
4 88 18
124 4 18
4 124 18
129 4 18
4 129 18
148 4 18
4 148 18
149 4 18
4 149 18
154 6 18
6 154 18
166 6 18
6 166 18
175 6 18
6 175 18
213 4 18
4 213 18
221 8 19
8 221 19
32 6 19
6 32 19
41 4 19
4 41 19
42 4 19
4 42 19
43 4 19
4 43 19
54 6 19
6 54 19
55 4 19
4 55 19
65 6 19
6 65 19
78 6 19
6 78 19
106 4 19
4 106 19
108 2 19
2 108 19
113 4 19
4 113 19
121 6 19
6 121 19
145 4 19
4 145 19
149 4 19
4 149 19
188 6 19
6 188 19
192 6 19
6 192 19
201 6 19
6 201 19
209 6 20
6 209 20
29 2 20
2 29 20
34 4 20
4 34 20
36 4 20
4 36 20
52 4 20
4 52 20
77 6 20
6 77 20
79 6 20
6 79 20
91 8 20
8 91 20
93 6 20
6 93 20
104 6 20
6 104 20
105 6 20
6 105 20
109 6 20
6 109 20
113 6 20
6 113 20
122 6 20
6 122 20
127 8 20
8 127 20
128 4 20
4 128 20
150 6 20
6 150 20
158 6 20
6 158 20
162 6 20
6 162 20
175 8 20
8 175 20
188 6 20
6 188 20
196 4 21
4 196 21
24 2 21
2 24 21
36 2 21
2 36 21
45 4 21
4 45 21
46 4 21
4 46 21
47 4 21
4 47 21
60 2 21
2 60 21
68 4 21
4 68 21
73 6 21
6 73 21
74 6 21
6 74 21
77 6 21
6 77 21
97 6 21
6 97 21
106 6 21
6 106 21
113 6 21
6 113 21
123 6 21
6 123 21
127 6 21
6 127 21
134 4 21
4 134 21
142 4 21
4 142 21
143 6 21
6 143 21
152 6 21
6 152 21
157 4 21
4 157 21
163 4 21
4 163 21
168 6 21
6 168 21
182 4 21
4 182 21
200 6 21
6 200 21
212 4 21
4 212 21
215 6 21
6 215 21
222 4 22
4 222 22
23 2 22
2 23 22
26 2 22
2 26 22
32 4 22
4 32 22
50 4 22
4 50 22
54 4 22
4 54 22
65 4 22
4 65 22
67 4 22
4 67 22
96 4 22
4 96 22
109 4 22
4 109 22
122 6 22
6 122 22
144 4 22
4 144 22
164 4 22
4 164 22
180 2 22
2 180 22
188 4 22
4 188 22
206 4 22
4 206 22
213 4 22
4 213 22
226 4 23
4 226 23
27 4 23
4 27 23
29 4 23
4 29 23
63 6 23
6 63 23
66 4 23
4 66 23
71 6 23
6 71 23
72 6 23
6 72 23
112 6 23
6 112 23
135 6 23
6 135 23
175 8 23
8 175 23
189 2 23
2 189 23
190 6 23
6 190 23
199 8 23
8 199 23
216 6 24
6 216 24
27 4 24
4 27 24
37 4 24
4 37 24
51 2 24
2 51 24
53 2 24
2 53 24
62 8 24
8 62 24
66 2 24
2 66 24
74 6 24
6 74 24
109 6 24
6 109 24
115 4 24
4 115 24
117 6 24
6 117 24
118 6 24
6 118 24
136 6 24
6 136 24
138 4 24
4 138 24
143 8 24
8 143 24
175 8 24
8 175 24
178 8 24
8 178 24
187 4 24
4 187 24
197 6 24
6 197 24
207 6 24
6 207 24
219 4 25
4 219 25
27 6 25
6 27 25
30 6 25
6 30 25
36 4 25
4 36 25
38 4 25
4 38 25
43 4 25
4 43 25
45 6 25
6 45 25
48 4 25
4 48 25
54 4 25
4 54 25
58 6 25
6 58 25
60 4 25
4 60 25
73 6 25
6 73 25
74 8 25
8 74 25
95 8 25
8 95 25
102 6 25
6 102 25
113 6 25
6 113 25
119 6 25
6 119 25
126 6 25
6 126 25
143 6 25
6 143 25
167 8 25
8 167 25
185 4 25
4 185 25
197 6 25
6 197 25
199 6 25
6 199 25
213 6 25
6 213 25
225 4 25
4 225 25
226 4 26
4 226 26
28 4 26
4 28 26
38 6 26
6 38 26
50 4 26
4 50 26
54 4 26
4 54 26
58 6 26
6 58 26
67 4 26
4 67 26
72 6 26
6 72 26
105 6 26
6 105 26
107 6 26
6 107 26
113 6 26
6 113 26
119 6 26
6 119 26
159 4 26
4 159 26
160 4 26
4 160 26
166 4 26
4 166 26
174 8 26
8 174 26
181 6 26
6 181 26
182 6 26
6 182 26
183 6 26
6 183 26
203 6 26
6 203 26
214 6 26
6 214 26
216 6 26
6 216 26
220 6 26
6 220 26
224 6 27
6 224 27
43 4 27
4 43 27
53 4 27
4 53 27
59 6 27
6 59 27
63 4 27
4 63 27
65 4 27
4 65 27
69 6 27
6 69 27
81 6 27
6 81 27
96 6 27
6 96 27
97 6 27
6 97 27
98 6 27
6 98 27
112 4 27
4 112 27
119 6 27
6 119 27
139 6 27
6 139 27
155 4 27
4 155 27
185 6 27
6 185 27
192 6 27
6 192 27
224 6 28
6 224 28
41 4 28
4 41 28
53 4 28
4 53 28
57 6 28
6 57 28
65 6 28
6 65 28
117 6 28
6 117 28
138 6 28
6 138 28
140 6 28
6 140 28
156 6 28
6 156 28
157 4 28
4 157 28
162 6 28
6 162 28
174 8 28
8 174 28
182 4 28
4 182 28
192 6 28
6 192 28
223 4 29
4 223 29
55 6 29
6 55 29
61 6 29
6 61 29
62 6 29
6 62 29
71 6 29
6 71 29
87 6 29
6 87 29
99 4 29
4 99 29
117 6 29
6 117 29
121 6 29
6 121 29
126 6 29
6 126 29
134 6 29
6 134 29
141 4 29
4 141 29
149 6 29
6 149 29
152 6 29
6 152 29
168 6 29
6 168 29
174 8 29
8 174 29
175 6 29
6 175 29
178 8 29
8 178 29
181 8 29
8 181 29
187 6 29
6 187 29
190 6 29
6 190 29
206 6 30
6 206 30
38 6 30
6 38 30
40 4 30
4 40 30
44 4 30
4 44 30
46 6 30
6 46 30
50 4 30
4 50 30
65 6 30
6 65 30
82 6 30
6 82 30
95 2 30
2 95 30
123 6 30
6 123 30
132 4 30
4 132 30
149 6 30
6 149 30
154 6 30
6 154 30
162 6 30
6 162 30
178 8 30
8 178 30
190 6 30
6 190 30
194 6 30
6 194 30
200 8 30
8 200 30
207 6 30
6 207 30
213 6 30
6 213 30
222 6 31
6 222 31
35 4 31
4 35 31
46 6 31
6 46 31
55 4 31
4 55 31
60 4 31
4 60 31
73 6 31
6 73 31
78 6 31
6 78 31
84 4 31
4 84 31
91 8 31
8 91 31
93 6 31
6 93 31
96 6 31
6 96 31
99 6 31
6 99 31
116 6 31
6 116 31
117 6 31
6 117 31
129 4 31
4 129 31
141 6 31
6 141 31
150 6 31
6 150 31
151 6 31
6 151 31
161 6 31
6 161 31
174 8 31
8 174 31
178 8 31
8 178 31
195 4 32
4 195 32
47 4 32
4 47 32
51 6 32
6 51 32
74 6 32
6 74 32
96 6 32
6 96 32
106 8 32
8 106 32
108 8 32
8 108 32
139 6 32
6 139 32
142 6 32
6 142 32
161 6 32
6 161 32
163 6 32
6 163 32
175 8 32
8 175 32
182 6 32
6 182 32
220 8 33
8 220 33
36 2 33
2 36 33
37 4 33
4 37 33
61 4 33
4 61 33
67 4 33
4 67 33
75 6 33
6 75 33
80 6 33
6 80 33
96 4 33
4 96 33
112 6 33
6 112 33
113 6 33
6 113 33
126 6 33
6 126 33
134 6 33
6 134 33
137 6 33
6 137 33
146 2 33
2 146 33
149 4 33
4 149 33
168 8 33
8 168 33
226 6 34
6 226 34
36 4 34
4 36 34
39 2 34
2 39 34
63 8 34
8 63 34
70 4 34
4 70 34
92 4 34
4 92 34
97 6 34
6 97 34
107 4 34
4 107 34
119 4 34
4 119 34
127 4 34
4 127 34
136 6 34
6 136 34
140 6 34
6 140 34
147 2 34
2 147 34
160 8 34
8 160 34
164 6 34
6 164 34
201 6 34
6 201 34
213 4 35
4 213 35
39 4 35
4 39 35
41 4 35
4 41 35
64 6 35
6 64 35
75 4 35
4 75 35
79 4 35
4 79 35
93 4 35
4 93 35
99 4 35
4 99 35
105 2 35
2 105 35
156 4 35
4 156 35
157 4 35
4 157 35
171 4 35
4 171 35
176 4 35
4 176 35
177 4 35
4 177 35
181 4 35
4 181 35
205 4 35
4 205 35
217 6 36
6 217 36
45 4 36
4 45 36
63 6 36
6 63 36
68 4 36
4 68 36
70 4 36
4 70 36
71 4 36
4 71 36
76 6 36
6 76 36
80 4 36
4 80 36
89 6 36
6 89 36
95 6 36
6 95 36
122 6 36
6 122 36
126 6 36
6 126 36
138 4 36
4 138 36
143 4 36
4 143 36
158 6 36
6 158 36
161 4 36
4 161 36
170 4 36
4 170 36
174 6 36
6 174 36
175 8 36
8 175 36
177 4 36
4 177 36
211 6 36
6 211 36
218 4 37
4 218 37
38 2 37
2 38 37
44 2 37
2 44 37
49 4 37
4 49 37
57 4 37
4 57 37
60 4 37
4 60 37
90 8 37
8 90 37
94 8 37
8 94 37
108 2 37
2 108 37
111 6 37
6 111 37
131 6 37
6 131 37
149 2 37
2 149 37
168 6 37
6 168 37
170 6 37
6 170 37
186 4 37
4 186 37
189 2 37
2 189 37
192 6 38
6 192 38
44 2 38
2 44 38
46 4 38
4 46 38
53 4 38
4 53 38
56 6 38
6 56 38
69 4 38
4 69 38
103 6 38
6 103 38
104 6 38
6 104 38
110 6 38
6 110 38
152 4 38
4 152 38
155 6 38
6 155 38
159 4 38
4 159 38
176 6 38
6 176 38
184 6 38
6 184 38
194 6 38
6 194 38
196 6 38
6 196 38
211 6 39
6 211 39
52 6 39
6 52 39
60 6 39
6 60 39
67 2 39
2 67 39
73 4 39
4 73 39
77 6 39
6 77 39
112 4 39
4 112 39
137 4 39
4 137 39
174 6 39
6 174 39
191 8 39
8 191 39
194 6 39
6 194 39
200 6 39
6 200 39
206 8 39
8 206 39
209 6 39
6 209 39
225 6 40
6 225 40
43 4 40
4 43 40
51 6 40
6 51 40
62 6 40
6 62 40
67 6 40
6 67 40
70 2 40
2 70 40
93 4 40
4 93 40
156 6 40
6 156 40
160 6 40
6 160 40
161 6 40
6 161 40
162 4 40
4 162 40
183 6 40
6 183 40
186 6 40
6 186 40
204 8 40
8 204 40
205 6 40
6 205 40
206 6 40
6 206 40
214 4 40
4 214 40
215 6 40
6 215 40
221 8 41
8 221 41
53 4 41
4 53 41
60 4 41
4 60 41
89 4 41
4 89 41
101 6 41
6 101 41
108 6 41
6 108 41
112 4 41
4 112 41
119 6 41
6 119 41
139 6 41
6 139 41
146 4 41
4 146 41
167 6 41
6 167 41
189 4 41
4 189 41
201 2 41
2 201 41
203 6 41
6 203 41
214 4 41
4 214 41
222 4 42
4 222 42
43 4 42
4 43 42
46 4 42
4 46 42
74 4 42
4 74 42
85 6 42
6 85 42
95 6 42
6 95 42
104 4 42
4 104 42
105 4 42
4 105 42
107 2 42
2 107 42
111 6 42
6 111 42
113 8 42
8 113 42
116 6 42
6 116 42
126 4 42
4 126 42
137 6 42
6 137 42
154 4 42
4 154 42
155 6 42
6 155 42
160 6 42
6 160 42
167 6 42
6 167 42
170 2 42
2 170 42
181 4 42
4 181 42
197 6 42
6 197 42
201 4 42
4 201 42
210 4 42
4 210 42
217 6 43
6 217 43
57 4 43
4 57 43
71 6 43
6 71 43
98 4 43
4 98 43
124 6 43
6 124 43
126 6 43
6 126 43
132 6 43
6 132 43
143 6 43
6 143 43
163 4 43
4 163 43
214 6 43
6 214 43
219 6 43
6 219 43
224 6 44
6 224 44
46 4 44
4 46 44
100 4 44
4 100 44
107 4 44
4 107 44
126 6 44
6 126 44
127 4 44
4 127 44
136 2 44
2 136 44
154 4 44
4 154 44
160 6 44
6 160 44
166 6 44
6 166 44
170 4 44
4 170 44
182 4 44
4 182 44
184 4 44
4 184 44
199 6 44
6 199 44
201 4 44
4 201 44
204 4 44
4 204 44
207 2 44
2 207 44
208 2 44
2 208 44
212 4 44
4 212 44
216 8 44
8 216 44
219 4 45
4 219 45
55 6 45
6 55 45
57 6 45
6 57 45
58 8 45
8 58 45
101 4 45
4 101 45
111 4 45
4 111 45
126 4 45
4 126 45
132 6 45
6 132 45
140 6 45
6 140 45
145 6 45
6 145 45
149 6 45
6 149 45
150 8 45
8 150 45
159 6 45
6 159 45
161 4 45
4 161 45
166 6 45
6 166 45
167 6 45
6 167 45
189 6 45
6 189 45
192 6 45
6 192 45
197 8 45
8 197 45
211 6 45
6 211 45
212 2 45
2 212 45
221 8 46
8 221 46
57 6 46
6 57 46
67 4 46
4 67 46
71 2 46
2 71 46
72 6 46
6 72 46
78 6 46
6 78 46
82 6 46
6 82 46
85 6 46
6 85 46
87 4 46
4 87 46
93 6 46
6 93 46
95 6 46
6 95 46
102 4 46
4 102 46
103 4 46
4 103 46
114 6 46
6 114 46
129 6 46
6 129 46
131 6 46
6 131 46
136 6 46
6 136 46
137 6 46
6 137 46
147 4 46
4 147 46
155 8 46
8 155 46
158 6 46
6 158 46
160 8 46
8 160 46
169 6 46
6 169 46
217 6 46
6 217 46
220 6 47
6 220 47
53 4 47
4 53 47
58 8 47
8 58 47
76 6 47
6 76 47
79 6 47
6 79 47
81 6 47
6 81 47
90 6 47
6 90 47
112 6 47
6 112 47
127 8 47
8 127 47
129 6 47
6 129 47
136 6 47
6 136 47
171 6 47
6 171 47
208 6 47
6 208 47
215 4 47
4 215 47
224 6 48
6 224 48
54 4 48
4 54 48
71 4 48
4 71 48
74 6 48
6 74 48
76 6 48
6 76 48
83 6 48
6 83 48
85 6 48
6 85 48
100 4 48
4 100 48
105 4 48
4 105 48
112 6 48
6 112 48
136 4 48
4 136 48
142 6 48
6 142 48
144 4 48
4 144 48
154 4 48
4 154 48
156 4 48
4 156 48
173 4 48
4 173 48
179 6 48
6 179 48
183 4 48
4 183 48
186 4 48
4 186 48
199 6 48
6 199 48
201 6 48
6 201 48
203 4 48
4 203 48
206 4 48
4 206 48
208 4 48
4 208 48
211 6 49
6 211 49
64 6 49
6 64 49
70 4 49
4 70 49
91 6 49
6 91 49
103 6 49
6 103 49
128 6 49
6 128 49
147 4 49
4 147 49
149 4 49
4 149 49
158 6 49
6 158 49
173 4 49
4 173 49
184 4 49
4 184 49
189 4 49
4 189 49
195 6 49
6 195 49
226 6 50
6 226 50
71 6 50
6 71 50
87 6 50
6 87 50
112 6 50
6 112 50
113 8 50
8 113 50
116 4 50
4 116 50
129 6 50
6 129 50
133 6 50
6 133 50
134 6 50
6 134 50
144 6 50
6 144 50
147 6 50
6 147 50
156 6 50
6 156 50
189 6 50
6 189 50
206 6 50
6 206 50
210 6 50
6 210 50
217 4 51
4 217 51
60 6 51
6 60 51
164 6 51
6 164 51
187 6 51
6 187 51
203 8 51
8 203 51
215 8 52
8 215 52
56 6 52
6 56 52
60 6 52
6 60 52
67 6 52
6 67 52
68 4 52
4 68 52
70 4 52
4 70 52
73 6 52
6 73 52
79 6 52
6 79 52
83 6 52
6 83 52
95 6 52
6 95 52
101 6 52
6 101 52
121 6 52
6 121 52
136 6 52
6 136 52
141 6 52
6 141 52
174 8 52
8 174 52
176 6 52
6 176 52
184 6 52
6 184 52
189 6 52
6 189 52
191 6 52
6 191 52
202 6 52
6 202 52
208 6 52
6 208 52
216 8 53
8 216 53
60 4 53
4 60 53
87 4 53
4 87 53
100 2 53
2 100 53
106 6 53
6 106 53
107 4 53
4 107 53
113 8 53
8 113 53
141 6 53
6 141 53
156 4 53
4 156 53
161 4 53
4 161 53
181 6 53
6 181 53
191 4 53
4 191 53
209 4 54
4 209 54
60 6 54
6 60 54
61 4 54
4 61 54
70 2 54
2 70 54
71 4 54
4 71 54
108 8 54
8 108 54
146 6 54
6 146 54
161 6 54
6 161 54
163 4 54
4 163 54
188 6 54
6 188 54
192 6 54
6 192 54
200 6 54
6 200 54
201 4 54
4 201 54
207 4 54
4 207 54
209 4 54
4 209 54
220 6 54
6 220 54
224 4 55
4 224 55
65 6 55
6 65 55
70 6 55
6 70 55
106 6 55
6 106 55
111 8 55
8 111 55
134 6 55
6 134 55
162 6 55
6 162 55
173 6 55
6 173 55
175 8 55
8 175 55
178 6 55
6 178 55
182 6 55
6 182 55
190 6 55
6 190 55
193 4 55
4 193 55
196 8 55
8 196 55
219 4 55
4 219 55
224 4 56
4 224 56
60 2 56
2 60 56
68 4 56
4 68 56
74 6 56
6 74 56
79 6 56
6 79 56
80 6 56
6 80 56
84 6 56
6 84 56
86 6 56
6 86 56
92 4 56
4 92 56
93 6 56
6 93 56
104 4 56
4 104 56
112 6 56
6 112 56
125 8 56
8 125 56
137 6 56
6 137 56
179 6 56
6 179 56
193 4 56
4 193 56
204 4 56
4 204 56
209 4 56
4 209 56
214 6 56
6 214 56
218 4 57
4 218 57
62 8 57
8 62 57
64 6 57
6 64 57
69 6 57
6 69 57
72 8 57
8 72 57
107 8 57
8 107 57
144 8 57
8 144 57
150 4 57
4 150 57
152 8 57
8 152 57
155 6 57
6 155 57
165 6 57
6 165 57
171 6 57
6 171 57
172 6 57
6 172 57
174 8 57
8 174 57
191 6 57
6 191 57
204 6 57
6 204 57
224 8 58
8 224 58
60 4 58
4 60 58
61 4 58
4 61 58
62 6 58
6 62 58
120 8 58
8 120 58
128 6 58
6 128 58
146 4 58
4 146 58
152 8 58
8 152 58
160 8 58
8 160 58
167 8 58
8 167 58
181 6 58
6 181 58
182 8 58
8 182 58
199 8 58
8 199 58
220 6 59
6 220 59
63 4 59
4 63 59
66 6 59
6 66 59
69 6 59
6 69 59
73 6 59
6 73 59
105 4 59
4 105 59
115 4 59
4 115 59
116 4 59
4 116 59
121 4 59
4 121 59
130 6 59
6 130 59
135 6 59
6 135 59
139 6 59
6 139 59
161 2 59
2 161 59
180 4 59
4 180 59
190 6 59
6 190 59
212 4 60
4 212 60
95 6 60
6 95 60
98 4 60
4 98 60
120 6 60
6 120 60
128 4 60
4 128 60
138 4 60
4 138 60
143 6 60
6 143 60
147 2 60
2 147 60
155 6 60
6 155 60
157 4 60
4 157 60
173 4 60
4 173 60
188 4 60
4 188 60
196 6 60
6 196 60
210 4 60
4 210 60
215 4 61
4 215 61
72 4 61
4 72 61
81 6 61
6 81 61
97 6 61
6 97 61
125 6 61
6 125 61
151 4 61
4 151 61
178 4 61
4 178 61
217 4 61
4 217 61
218 6 62
6 218 62
73 6 62
6 73 62
79 8 62
8 79 62
91 4 62
4 91 62
92 4 62
4 92 62
100 6 62
6 100 62
112 6 62
6 112 62
122 8 62
8 122 62
125 6 62
6 125 62
130 6 62
6 130 62
167 8 62
8 167 62
181 4 62
4 181 62
211 8 62
8 211 62
221 6 62
6 221 62
223 8 63
8 223 63
70 6 63
6 70 63
74 6 63
6 74 63
75 6 63
6 75 63
90 2 63
2 90 63
96 6 63
6 96 63
138 6 63
6 138 63
141 6 63
6 141 63
147 6 63
6 147 63
171 6 63
6 171 63
174 8 63
8 174 63
191 2 63
2 191 63
192 4 63
4 192 63
198 6 63
6 198 63
201 6 63
6 201 63
213 6 63
6 213 63
214 6 63
6 214 63
218 6 64
6 218 64
87 4 64
4 87 64
116 6 64
6 116 64
117 6 64
6 117 64
135 6 64
6 135 64
153 6 64
6 153 64
154 4 64
4 154 64
167 4 64
4 167 64
174 8 64
8 174 64
179 6 64
6 179 64
195 4 64
4 195 64
213 6 64
6 213 64
222 4 65
4 222 65
66 4 65
4 66 65
70 4 65
4 70 65
100 4 65
4 100 65
122 6 65
6 122 65
123 6 65
6 123 65
133 2 65
2 133 65
158 6 65
6 158 65
175 6 65
6 175 65
179 4 65
4 179 65
180 4 65
4 180 65
193 4 65
4 193 65
212 4 66
4 212 66
69 8 66
8 69 66
74 6 66
6 74 66
86 6 66
6 86 66
89 2 66
2 89 66
103 6 66
6 103 66
118 6 66
6 118 66
119 6 66
6 119 66
120 6 66
6 120 66
124 4 66
4 124 66
132 6 66
6 132 66
138 4 66
4 138 66
139 6 66
6 139 66
184 6 66
6 184 66
194 4 66
4 194 66
202 4 66
4 202 66
209 6 66
6 209 66
211 2 66
2 211 66
214 6 67
6 214 67
74 6 67
6 74 67
76 4 67
4 76 67
80 6 67
6 80 67
83 4 67
4 83 67
102 4 67
4 102 67
105 6 67
6 105 67
107 6 67
6 107 67
133 8 67
8 133 67
144 8 67
8 144 67
145 2 67
2 145 67
146 4 67
4 146 67
155 6 67
6 155 67
156 6 67
6 156 67
159 8 67
8 159 67
177 6 67
6 177 67
197 6 67
6 197 67
209 8 67
8 209 67
215 6 67
6 215 67
217 6 68
6 217 68
71 4 68
4 71 68
76 4 68
4 76 68
88 6 68
6 88 68
98 4 68
4 98 68
100 4 68
4 100 68
101 2 68
2 101 68
105 4 68
4 105 68
120 4 68
4 120 68
126 4 68
4 126 68
132 6 68
6 132 68
136 6 68
6 136 68
137 4 68
4 137 68
142 6 68
6 142 68
146 4 68
4 146 68
169 6 68
6 169 68
180 4 68
4 180 68
183 4 69
4 183 69
73 6 69
6 73 69
77 6 69
6 77 69
80 6 69
6 80 69
104 4 69
4 104 69
140 8 69
8 140 69
145 6 69
6 145 69
147 4 69
4 147 69
164 8 69
8 164 69
207 6 69
6 207 69
209 6 69
6 209 69
211 8 69
8 211 69
223 6 70
6 223 70
76 4 70
4 76 70
78 2 70
2 78 70
81 4 70
4 81 70
87 4 70
4 87 70
95 4 70
4 95 70
103 6 70
6 103 70
115 4 70
4 115 70
130 6 70
6 130 70
137 4 70
4 137 70
142 6 70
6 142 70
146 6 70
6 146 70
153 8 70
8 153 70
176 6 70
6 176 70
181 4 70
4 181 70
184 6 70
6 184 70
190 6 70
6 190 70
191 6 70
6 191 70
200 6 70
6 200 70
203 6 70
6 203 70
207 4 70
4 207 70
210 6 70
6 210 70
213 4 70
4 213 70
223 4 71
4 223 71
76 6 71
6 76 71
84 6 71
6 84 71
88 6 71
6 88 71
119 4 71
4 119 71
146 6 71
6 146 71
147 4 71
4 147 71
164 8 71
8 164 71
176 6 71
6 176 71
177 6 71
6 177 71
183 4 71
4 183 71
192 6 71
6 192 71
194 6 71
6 194 71
195 4 71
4 195 71
199 4 71
4 199 71
201 6 71
6 201 71
210 6 71
6 210 71
218 6 72
6 218 72
73 6 72
6 73 72
97 4 72
4 97 72
101 2 72
2 101 72
105 4 72
4 105 72
115 4 72
4 115 72
127 6 72
6 127 72
132 6 72
6 132 72
133 6 72
6 133 72
136 6 72
6 136 72
137 4 72
4 137 72
150 8 72
8 150 72
158 8 72
8 158 72
166 4 72
4 166 72
187 6 72
6 187 72
191 4 72
4 191 72
192 6 72
6 192 72
201 6 72
6 201 72
207 6 72
6 207 72
211 6 72
6 211 72
216 6 72
6 216 72
220 6 72
6 220 72
225 6 73
6 225 73
92 4 73
4 92 73
94 6 73
6 94 73
97 6 73
6 97 73
101 6 73
6 101 73
103 4 73
4 103 73
134 6 73
6 134 73
146 6 73
6 146 73
164 6 73
6 164 73
183 6 73
6 183 73
211 6 73
6 211 73
215 8 73
8 215 73
226 6 74
6 226 74
75 2 74
2 75 74
87 4 74
4 87 74
89 4 74
4 89 74
96 4 74
4 96 74
103 4 74
4 103 74
108 6 74
6 108 74
113 6 74
6 113 74
117 4 74
4 117 74
120 2 74
2 120 74
123 2 74
2 123 74
163 4 74
4 163 74
165 8 74
8 165 74
177 6 74
6 177 74
180 4 74
4 180 74
185 6 74
6 185 74
208 6 74
6 208 74
210 6 74
6 210 74
213 4 74
4 213 74
221 8 75
8 221 75
85 4 75
4 85 75
88 6 75
6 88 75
116 4 75
4 116 75
136 4 75
4 136 75
143 6 75
6 143 75
152 8 75
8 152 75
164 4 75
4 164 75
166 6 75
6 166 75
167 6 75
6 167 75
184 6 75
6 184 75
185 6 75
6 185 75
213 4 75
4 213 75
222 4 76
4 222 76
78 2 76
2 78 76
90 4 76
4 90 76
98 4 76
4 98 76
117 4 76
4 117 76
127 6 76
6 127 76
134 2 76
2 134 76
150 6 76
6 150 76
151 6 76
6 151 76
158 6 76
6 158 76
163 4 76
4 163 76
177 6 76
6 177 76
180 2 76
2 180 76
182 4 76
4 182 76
192 6 76
6 192 76
212 4 76
4 212 76
221 8 77
8 221 77
80 4 77
4 80 77
105 4 77
4 105 77
107 4 77
4 107 77
113 6 77
6 113 77
117 4 77
4 117 77
126 4 77
4 126 77
132 4 77
4 132 77
135 6 77
6 135 77
138 6 77
6 138 77
142 6 77
6 142 77
153 6 77
6 153 77
178 8 77
8 178 77
179 8 77
8 179 77
188 4 77
4 188 77
190 4 77
4 190 77
207 6 78
6 207 78
91 6 78
6 91 78
98 4 78
4 98 78
113 6 78
6 113 78
139 6 78
6 139 78
145 6 78
6 145 78
184 6 78
6 184 78
211 6 78
6 211 78
213 4 78
4 213 78
217 6 78
6 217 78
218 6 79
6 218 79
101 4 79
4 101 79
120 4 79
4 120 79
121 2 79
2 121 79
125 6 79
6 125 79
137 4 79
4 137 79
144 4 79
4 144 79
147 4 79
4 147 79
154 6 79
6 154 79
171 4 79
4 171 79
189 4 79
4 189 79
212 4 79
4 212 79
216 8 79
8 216 79
222 4 79
4 222 79
225 6 80
6 225 80
83 4 80
4 83 80
155 6 80
6 155 80
158 8 80
8 158 80
159 6 80
6 159 80
164 6 80
6 164 80
185 6 80
6 185 80
191 6 80
6 191 80
197 8 80
8 197 80
206 6 81
6 206 81
94 4 81
4 94 81
96 4 81
4 96 81
104 4 81
4 104 81
108 4 81
4 108 81
123 4 81
4 123 81
125 6 81
6 125 81
127 4 81
4 127 81
134 4 81
4 134 81
143 4 81
4 143 81
156 6 81
6 156 81
161 4 81
4 161 81
182 4 81
4 182 81
189 4 81
4 189 81
195 4 81
4 195 81
210 4 81
4 210 81
213 4 82
4 213 82
97 4 82
4 97 82
99 4 82
4 99 82
109 4 82
4 109 82
116 4 82
4 116 82
135 6 82
6 135 82
148 4 82
4 148 82
150 6 82
6 150 82
164 4 82
4 164 82
185 4 82
4 185 82
195 2 82
2 195 82
209 6 82
6 209 82
220 4 83
4 220 83
90 4 83
4 90 83
102 6 83
6 102 83
109 4 83
4 109 83
126 4 83
4 126 83
128 4 83
4 128 83
134 4 83
4 134 83
180 2 83
2 180 83
189 4 83
4 189 83
192 6 83
6 192 83
214 4 83
4 214 83
218 6 83
6 218 83
219 6 84
6 219 84
104 4 84
4 104 84
122 4 84
4 122 84
143 6 84
6 143 84
158 4 84
4 158 84
165 6 84
6 165 84
169 4 84
4 169 84
175 6 84
6 175 84
195 2 84
2 195 84
205 6 84
6 205 84
224 6 84
6 224 84
226 4 85
4 226 85
100 4 85
4 100 85
112 2 85
2 112 85
113 4 85
4 113 85
118 4 85
4 118 85
137 0 85
0 137 85
155 4 85
4 155 85
172 2 85
2 172 85
192 6 85
6 192 85
195 2 85
2 195 85
212 4 86
4 212 86
93 6 86
6 93 86
102 4 86
4 102 86
123 6 86
6 123 86
125 4 86
4 125 86
159 6 86
6 159 86
205 6 86
6 205 86
217 6 86
6 217 86
218 6 86
6 218 86
223 6 86
6 223 86
225 6 86
6 225 86
226 6 87
6 226 87
95 4 87
4 95 87
102 4 87
4 102 87
116 4 87
4 116 87
136 4 87
4 136 87
150 4 87
4 150 87
152 6 87
6 152 87
154 4 87
4 154 87
157 4 87
4 157 87
196 6 87
6 196 87
198 4 87
4 198 87
204 4 87
4 204 87
206 4 87
4 206 87
216 6 87
6 216 87
222 2 87
2 222 87
225 4 88
4 225 88
110 4 88
4 110 88
115 4 88
4 115 88
123 4 88
4 123 88
126 4 88
4 126 88
128 6 88
6 128 88
162 6 88
6 162 88
185 4 88
4 185 88
186 6 88
6 186 88
202 6 88
6 202 88
204 6 88
6 204 88
216 6 89
6 216 89
97 4 89
4 97 89
109 4 89
4 109 89
121 4 89
4 121 89
128 4 89
4 128 89
136 6 89
6 136 89
164 4 89
4 164 89
168 4 89
4 168 89
172 4 89
4 172 89
187 4 89
4 187 89
190 6 89
6 190 89
192 6 89
6 192 89
204 6 89
6 204 89
222 0 90
0 222 90
95 4 90
4 95 90
109 4 90
4 109 90
111 4 90
4 111 90
115 4 90
4 115 90
120 4 90
4 120 90
127 6 90
6 127 90
130 4 90
4 130 90
133 6 90
6 133 90
141 6 90
6 141 90
186 4 90
4 186 90
197 8 90
8 197 90
198 6 90
6 198 90
206 6 90
6 206 90
208 6 90
6 208 90
213 4 90
4 213 90
217 4 91
4 217 91
133 6 91
6 133 91
141 8 91
8 141 91
146 6 91
6 146 91
147 4 91
4 147 91
155 6 91
6 155 91
158 2 91
2 158 91
159 4 91
4 159 91
219 6 91
6 219 91
222 6 92
6 222 92
98 2 92
2 98 92
125 4 92
4 125 92
136 4 92
4 136 92
140 6 92
6 140 92
146 4 92
4 146 92
160 4 92
4 160 92
167 6 92
6 167 92
187 4 92
4 187 92
207 4 92
4 207 92
215 6 92
6 215 92
223 4 92
4 223 92
226 6 93
6 226 93
94 4 93
4 94 93
103 6 93
6 103 93
109 4 93
4 109 93
114 6 93
6 114 93
115 4 93
4 115 93
120 2 93
2 120 93
127 6 93
6 127 93
158 6 93
6 158 93
183 4 93
4 183 93
205 6 93
6 205 93
209 4 93
4 209 93
215 6 94
6 215 94
96 2 94
2 96 94
101 4 94
4 101 94
128 6 94
6 128 94
151 6 94
6 151 94
165 8 94
8 165 94
169 6 94
6 169 94
172 6 94
6 172 94
183 4 94
4 183 94
193 6 94
6 193 94
197 8 95
8 197 95
100 4 95
4 100 95
106 6 95
6 106 95
133 6 95
6 133 95
148 4 95
4 148 95
152 8 95
8 152 95
164 4 95
4 164 95
167 4 95
4 167 95
168 6 95
6 168 95
170 6 95
6 170 95
175 4 95
4 175 95
186 6 95
6 186 95
198 6 95
6 198 95
215 6 95
6 215 95
217 6 95
6 217 95
220 6 95
6 220 95
224 6 96
6 224 96
99 2 96
2 99 96
132 2 96
2 132 96
156 4 96
4 156 96
157 2 96
2 157 96
194 6 96
6 194 96
201 6 96
6 201 96
207 4 96
4 207 96
221 6 96
6 221 96
225 6 97
6 225 97
101 4 97
4 101 97
102 6 97
6 102 97
113 4 97
4 113 97
114 4 97
4 114 97
119 4 97
4 119 97
123 4 97
4 123 97
164 2 97
2 164 97
175 6 97
6 175 97
182 2 97
2 182 97
186 6 97
6 186 97
193 4 97
4 193 97
197 8 97
8 197 97
217 6 98
6 217 98
101 2 98
2 101 98
123 4 98
4 123 98
125 6 98
6 125 98
133 4 98
4 133 98
165 8 98
8 165 98
177 4 98
4 177 98
198 6 98
6 198 98
199 6 99
6 199 99
102 6 99
6 102 99
113 6 99
6 113 99
127 4 99
4 127 99
131 8 99
8 131 99
137 4 99
4 137 99
143 8 99
8 143 99
151 6 99
6 151 99
156 6 99
6 156 99
157 4 99
4 157 99
164 4 99
4 164 99
169 6 99
6 169 99
177 4 99
4 177 99
178 8 99
8 178 99
181 6 99
6 181 99
186 6 99
6 186 99
196 4 99
4 196 99
202 6 99
6 202 99
209 6 99
6 209 99
222 2 100
2 222 100
104 2 100
2 104 100
105 2 100
2 105 100
110 0 100
0 110 100
112 4 100
4 112 100
126 2 100
2 126 100
130 6 100
6 130 100
145 6 100
6 145 100
150 4 100
4 150 100
157 4 100
4 157 100
167 6 100
6 167 100
186 4 100
4 186 100
188 4 100
4 188 100
192 4 100
4 192 100
208 4 100
4 208 100
210 4 100
4 210 100
220 4 101
4 220 101
113 4 101
4 113 101
116 4 101
4 116 101
117 4 101
4 117 101
120 4 101
4 120 101
140 6 101
6 140 101
146 2 101
2 146 101
153 6 101
6 153 101
167 6 101
6 167 101
175 6 101
6 175 101
179 6 101
6 179 101
183 2 101
2 183 101
188 4 101
4 188 101
194 4 101
4 194 101
211 6 101
6 211 101
213 2 102
2 213 102
105 4 102
4 105 102
113 4 102
4 113 102
114 6 102
6 114 102
136 6 102
6 136 102
148 8 102
8 148 102
177 4 102
4 177 102
183 2 102
2 183 102
188 6 102
6 188 102
194 6 102
6 194 102
199 6 102
6 199 102
210 6 102
6 210 102
217 8 103
8 217 103
107 4 103
4 107 103
122 6 103
6 122 103
124 6 103
6 124 103
146 4 103
4 146 103
166 8 103
8 166 103
168 4 103
4 168 103
179 6 103
6 179 103
180 2 103
2 180 103
191 6 103
6 191 103
195 4 103
4 195 103
222 4 104
4 222 104
111 4 104
4 111 104
112 4 104
4 112 104
141 6 104
6 141 104
151 6 104
6 151 104
152 6 104
6 152 104
167 6 104
6 167 104
174 6 104
6 174 104
178 6 104
6 178 104
201 6 104
6 201 104
210 4 104
4 210 104
218 4 105
4 218 105
128 4 105
4 128 105
131 6 105
6 131 105
140 4 105
4 140 105
148 6 105
6 148 105
149 4 105
4 149 105
177 4 105
4 177 105
178 6 105
6 178 105
200 6 105
6 200 105
210 4 105
4 210 105
215 6 105
6 215 105
219 4 106
4 219 106
113 6 106
6 113 106
119 4 106
4 119 106
160 8 106
8 160 106
181 2 106
2 181 106
190 4 106
4 190 106
191 4 106
4 191 106
212 4 106
4 212 106
214 4 106
4 214 106
221 6 107
6 221 107
135 4 107
4 135 107
146 4 107
4 146 107
147 2 107
2 147 107
149 4 107
4 149 107
176 4 107
4 176 107
180 2 107
2 180 107
190 4 107
4 190 107
201 4 107
4 201 107
215 6 107
6 215 107
218 4 108
4 218 108
118 4 108
4 118 108
122 6 108
6 122 108
130 6 108
6 130 108
136 4 108
4 136 108
156 4 108
4 156 108
163 6 108
6 163 108
164 4 108
4 164 108
173 6 108
6 173 108
179 6 108
6 179 108
180 2 108
2 180 108
186 4 108
4 186 108
189 2 108
2 189 108
191 6 108
6 191 108
193 4 108
4 193 108
201 4 108
4 201 108
206 4 108
4 206 108
213 4 108
4 213 108
216 6 108
6 216 108
217 6 108
6 217 108
226 6 109
6 226 109
113 4 109
4 113 109
127 2 109
2 127 109
134 4 109
4 134 109
152 6 109
6 152 109
157 4 109
4 157 109
164 4 109
4 164 109
185 4 109
4 185 109
188 4 109
4 188 109
214 4 110
4 214 110
111 4 110
4 111 110
112 4 110
4 112 110
118 6 110
6 118 110
124 2 110
2 124 110
135 4 110
4 135 110
147 2 110
2 147 110
149 4 110
4 149 110
152 6 110
6 152 110
178 6 110
6 178 110
198 6 110
6 198 110
206 4 110
4 206 110
212 2 110
2 212 110
218 4 111
4 218 111
123 4 111
4 123 111
127 6 111
6 127 111
128 4 111
4 128 111
137 2 111
2 137 111
138 4 111
4 138 111
146 4 111
4 146 111
148 4 111
4 148 111
160 6 111
6 160 111
176 6 111
6 176 111
177 6 111
6 177 111
185 4 111
4 185 111
190 4 111
4 190 111
193 4 111
4 193 111
199 8 111
8 199 111
200 8 111
8 200 111
208 6 111
6 208 111
211 4 111
4 211 111
215 6 111
6 215 111
216 6 111
6 216 111
226 4 112
4 226 112
114 6 112
6 114 112
115 4 112
4 115 112
120 2 112
2 120 112
127 6 112
6 127 112
129 6 112
6 129 112
141 2 112
2 141 112
148 6 112
6 148 112
158 8 112
8 158 112
196 2 112
2 196 112
220 6 113
6 220 113
119 6 113
6 119 113
122 6 113
6 122 113
132 8 113
8 132 113
139 8 113
8 139 113
142 4 113
4 142 113
163 6 113
6 163 113
174 8 113
8 174 113
197 6 113
6 197 113
215 6 113
6 215 113
224 8 114
8 224 114
115 2 114
2 115 114
127 2 114
2 127 114
158 6 114
6 158 114
197 6 114
6 197 114
211 2 114
2 211 114
218 8 114
8 218 114
225 4 115
4 225 115
123 2 115
2 123 115
144 4 115
4 144 115
153 8 115
8 153 115
154 6 115
6 154 115
159 6 115
6 159 115
177 6 115
6 177 115
206 4 115
4 206 115
208 4 115
4 208 115
221 4 115
4 221 115
225 4 116
4 225 116
118 4 116
4 118 116
123 4 116
4 123 116
144 6 116
6 144 116
165 8 116
8 165 116
169 6 116
6 169 116
173 6 116
6 173 116
184 6 116
6 184 116
209 6 116
6 209 116
222 4 117
4 222 117
127 6 117
6 127 117
129 6 117
6 129 117
134 6 117
6 134 117
171 4 117
4 171 117
176 6 117
6 176 117
189 6 117
6 189 117
193 6 117
6 193 117
194 6 117
6 194 117
201 6 117
6 201 117
205 6 117
6 205 117
217 4 117
4 217 117
220 6 118
6 220 118
120 4 118
4 120 118
126 6 118
6 126 118
128 6 118
6 128 118
135 8 118
8 135 118
163 6 118
6 163 118
169 6 118
6 169 118
179 8 118
8 179 118
180 4 118
4 180 118
192 8 118
8 192 118
193 8 118
8 193 118
201 6 118
6 201 118
210 8 119
8 210 119
137 4 119
4 137 119
149 4 119
4 149 119
166 6 119
6 166 119
178 4 119
4 178 119
184 4 119
4 184 119
218 2 119
2 218 119
223 4 120
4 223 120
153 8 120
8 153 120
175 4 120
4 175 120
187 6 120
6 187 120
219 4 120
4 219 120
226 4 121
4 226 121
141 6 121
6 141 121
153 8 121
8 153 121
163 6 121
6 163 121
169 6 121
6 169 121
174 8 121
8 174 121
177 6 121
6 177 121
182 4 121
4 182 121
184 6 121
6 184 121
206 4 121
4 206 121
209 4 121
4 209 121
215 4 121
4 215 121
224 6 122
6 224 122
127 4 122
4 127 122
131 8 122
8 131 122
132 6 122
6 132 122
140 6 122
6 140 122
141 6 122
6 141 122
143 8 122
8 143 122
145 6 122
6 145 122
146 6 122
6 146 122
147 4 122
4 147 122
155 8 122
8 155 122
170 6 122
6 170 122
175 6 122
6 175 122
176 6 122
6 176 122
185 6 122
6 185 122
190 6 122
6 190 122
201 6 122
6 201 122
208 6 122
6 208 122
212 2 122
2 212 122
219 2 123
2 219 123
137 4 123
4 137 123
155 8 123
8 155 123
160 4 123
4 160 123
192 6 123
6 192 123
193 6 123
6 193 123
211 4 124
4 211 124
143 6 124
6 143 124
158 8 124
8 158 124
159 6 124
6 159 124
168 6 124
6 168 124
174 8 124
8 174 124
175 6 124
6 175 124
192 6 124
6 192 124
196 4 124
4 196 124
203 6 124
6 203 124
204 8 124
8 204 124
208 6 124
6 208 124
224 2 125
2 224 125
128 6 125
6 128 125
131 8 125
8 131 125
137 4 125
4 137 125
144 8 125
8 144 125
153 6 125
6 153 125
181 4 125
4 181 125
189 6 125
6 189 125
190 8 125
8 190 125
192 8 125
8 192 125
199 6 125
6 199 125
206 8 126
8 206 126
128 6 126
6 128 126
149 6 126
6 149 126
152 6 126
6 152 126
154 6 126
6 154 126
185 6 126
6 185 126
187 6 126
6 187 126
200 6 126
6 200 126
209 4 126
4 209 126
222 2 127
2 222 127
130 8 127
8 130 127
137 6 127
6 137 127
139 6 127
6 139 127
148 8 127
8 148 127
153 8 127
8 153 127
160 6 127
6 160 127
167 8 127
8 167 127
175 6 127
6 175 127
176 6 127
6 176 127
179 6 127
6 179 127
181 4 127
4 181 127
197 8 128
8 197 128
143 6 128
6 143 128
145 6 128
6 145 128
177 6 128
6 177 128
179 8 128
8 179 128
196 4 128
4 196 128
201 4 128
4 201 128
207 6 128
6 207 128
221 8 129
8 221 129
145 6 129
6 145 129
155 6 129
6 155 129
175 8 129
8 175 129
194 6 129
6 194 129
199 6 129
6 199 129
208 4 129
4 208 129
222 4 130
4 222 130
139 6 130
6 139 130
151 4 130
4 151 130
161 6 130
6 161 130
172 4 130
4 172 130
180 4 130
4 180 130
187 4 130
4 187 130
195 4 130
4 195 130
197 6 130
6 197 130
208 6 130
6 208 130
212 6 130
6 212 130
220 6 131
6 220 131
148 8 131
8 148 131
157 6 131
6 157 131
190 6 131
6 190 131
196 8 131
8 196 131
209 6 132
6 209 132
134 4 132
4 134 132
148 6 132
6 148 132
160 6 132
6 160 132
191 4 132
4 191 132
193 4 132
4 193 132
196 4 132
4 196 132
216 8 132
8 216 132
222 6 133
6 222 133
135 4 133
4 135 133
144 4 133
4 144 133
145 8 133
8 145 133
158 6 133
6 158 133
166 6 133
6 166 133
169 4 133
4 169 133
182 4 133
4 182 133
198 4 133
4 198 133
201 4 133
4 201 133
209 2 134
2 209 134
135 6 134
6 135 134
142 2 134
2 142 134
152 8 134
8 152 134
177 6 134
6 177 134
193 4 134
4 193 134
198 4 134
4 198 134
205 4 134
4 205 134
214 6 134
6 214 134
221 6 135
6 221 135
150 6 135
6 150 135
176 2 135
2 176 135
181 6 135
6 181 135
191 4 135
4 191 135
205 4 135
4 205 135
221 6 136
6 221 136
143 4 136
4 143 136
147 4 136
4 147 136
160 6 136
6 160 136
168 8 136
8 168 136
181 6 136
6 181 136
188 4 136
4 188 136
191 4 136
4 191 136
205 2 136
2 205 136
209 2 137
2 209 137
139 4 137
4 139 137
143 6 137
6 143 137
167 6 137
6 167 137
180 2 137
2 180 137
186 4 137
4 186 137
194 6 137
6 194 137
196 4 137
4 196 137
198 4 137
4 198 137
201 4 137
4 201 137
207 6 137
6 207 137
219 6 138
6 219 138
147 4 138
4 147 138
153 8 138
8 153 138
160 6 138
6 160 138
182 6 138
6 182 138
184 4 138
4 184 138
185 6 138
6 185 138
189 4 138
4 189 138
193 6 138
6 193 138
200 8 138
8 200 138
210 6 138
6 210 138
214 6 138
6 214 138
226 4 139
4 226 139
141 4 139
4 141 139
143 4 139
4 143 139
153 8 139
8 153 139
158 6 139
6 158 139
164 6 139
6 164 139
190 4 139
4 190 139
199 6 139
6 199 139
209 4 139
4 209 139
211 6 139
6 211 139
218 2 140
2 218 140
149 4 140
4 149 140
156 4 140
4 156 140
186 4 140
4 186 140
187 4 140
4 187 140
204 6 140
6 204 140
207 4 140
4 207 140
213 6 140
6 213 140
218 6 141
6 218 141
160 6 141
6 160 141
165 8 141
8 165 141
177 4 141
4 177 141
225 6 142
6 225 142
143 4 142
4 143 142
144 2 142
2 144 142
149 2 142
2 149 142
184 4 142
4 184 142
185 6 142
6 185 142
201 2 142
2 201 142
202 2 142
2 202 142
205 4 142
4 205 142
213 6 142
6 213 142
225 4 143
4 225 143
146 6 143
6 146 143
152 6 143
6 152 143
155 6 143
6 155 143
156 6 143
6 156 143
159 6 143
6 159 143
171 8 143
8 171 143
173 6 143
6 173 143
179 6 143
6 179 143
189 4 143
4 189 143
203 4 143
4 203 143
206 4 143
4 206 143
220 8 143
8 220 143
221 4 144
4 221 144
147 4 144
4 147 144
148 6 144
6 148 144
155 6 144
6 155 144
163 6 144
6 163 144
185 6 144
6 185 144
186 4 144
4 186 144
188 4 144
4 188 144
189 2 144
2 189 144
209 2 144
2 209 144
213 4 144
4 213 144
214 6 144
6 214 144
216 8 144
8 216 144
221 4 145
4 221 145
151 6 145
6 151 145
175 4 145
4 175 145
179 8 145
8 179 145
201 6 145
6 201 145
208 8 145
8 208 145
213 6 146
6 213 146
148 4 146
4 148 146
172 4 146
4 172 146
177 2 146
2 177 146
213 4 147
4 213 147
150 4 147
4 150 147
164 4 147
4 164 147
176 4 147
4 176 147
182 2 147
2 182 147
188 4 147
4 188 147
207 4 147
4 207 147
219 4 147
4 219 147
226 4 148
4 226 148
156 4 148
4 156 148
159 6 148
6 159 148
178 8 148
8 178 148
190 6 148
6 190 148
203 6 148
6 203 148
205 6 148
6 205 148
208 6 149
6 208 149
158 4 149
4 158 149
159 4 149
4 159 149
167 6 149
6 167 149
170 4 149
4 170 149
175 8 149
8 175 149
178 6 149
6 178 149
192 4 149
4 192 149
196 6 149
6 196 149
197 6 149
6 197 149
201 2 149
2 201 149
205 2 149
2 205 149
210 2 149
2 210 149
226 4 150
4 226 150
152 6 150
6 152 150
190 4 150
4 190 150
198 6 150
6 198 150
204 4 150
4 204 150
210 6 150
6 210 150
213 6 150
6 213 150
217 6 151
6 217 151
157 4 151
4 157 151
160 4 151
4 160 151
189 6 151
6 189 151
191 6 151
6 191 151
194 4 151
4 194 151
195 4 151
4 195 151
203 6 151
6 203 151
207 4 151
4 207 151
208 6 151
6 208 151
213 6 151
6 213 151
218 6 152
6 218 152
165 6 152
6 165 152
168 6 152
6 168 152
172 8 152
8 172 152
210 6 152
6 210 152
222 8 153
8 222 153
177 6 153
6 177 153
178 6 153
6 178 153
188 6 153
6 188 153
190 8 153
8 190 153
191 6 153
6 191 153
192 8 153
8 192 153
212 8 153
8 212 153
214 8 153
8 214 153
225 6 153
6 225 153
226 8 154
8 226 154
161 4 154
4 161 154
171 6 154
6 171 154
180 4 154
4 180 154
196 6 154
6 196 154
217 4 154
4 217 154
219 4 154
4 219 154
221 6 155
6 221 155
161 8 155
8 161 155
166 6 155
6 166 155
175 4 155
4 175 155
178 6 155
6 178 155
184 6 155
6 184 155
196 4 155
4 196 155
212 8 155
8 212 155
224 6 156
6 224 156
158 2 156
2 158 156
174 6 156
6 174 156
179 6 156
6 179 156
181 4 156
4 181 156
188 2 156
2 188 156
194 6 157
6 194 157
159 2 157
2 159 157
162 4 157
4 162 157
173 4 157
4 173 157
175 6 157
6 175 157
192 4 157
4 192 157
215 6 158
6 215 158
159 4 158
4 159 158
187 4 158
4 187 158
197 6 158
6 197 158
211 6 159
6 211 159
163 4 159
4 163 159
174 4 159
4 174 159
179 6 159
6 179 159
187 4 159
4 187 159
207 2 159
2 207 159
209 2 159
2 209 159
212 4 160
4 212 160
175 6 160
6 175 160
191 6 160
6 191 160
217 4 161
4 217 161
182 0 161
0 182 161
192 4 161
4 192 161
206 4 161
4 206 161
211 6 161
6 211 161
218 4 162
4 218 162
174 4 162
4 174 162
180 2 162
2 180 162
196 4 162
4 196 162
214 2 163
2 214 163
175 6 163
6 175 163
193 6 163
6 193 163
195 2 163
2 195 163
200 6 163
6 200 163
208 6 163
6 208 163
209 4 163
4 209 163
210 6 163
6 210 163
212 6 163
6 212 163
213 6 163
6 213 163
219 6 164
6 219 164
165 6 164
6 165 164
173 6 164
6 173 164
184 4 164
4 184 164
188 6 164
6 188 164
191 6 164
6 191 164
205 2 164
2 205 164
207 4 164
4 207 164
217 4 164
4 217 164
222 4 165
4 222 165
179 8 165
8 179 165
183 8 165
8 183 165
190 8 165
8 190 165
193 8 165
8 193 165
196 8 165
8 196 165
197 6 166
6 197 166
167 4 166
4 167 166
179 8 166
8 179 166
182 6 166
6 182 166
183 6 166
6 183 166
187 6 166
6 187 166
194 4 166
4 194 166
197 8 166
8 197 166
199 6 166
6 199 166
201 6 166
6 201 166
217 4 167
4 217 167
189 6 167
6 189 167
190 6 167
6 190 167
195 6 167
6 195 167
197 8 167
8 197 167
202 6 167
6 202 167
205 4 167
4 205 167
225 6 168
6 225 168
187 6 168
6 187 168
196 8 168
8 196 168
206 8 168
8 206 168
213 6 168
6 213 168
214 6 168
6 214 168
226 6 169
6 226 169
172 4 169
4 172 169
181 4 169
4 181 169
185 4 169
4 185 169
191 4 169
4 191 169
212 4 170
4 212 170
180 4 170
4 180 170
197 6 170
6 197 170
218 4 170
4 218 170
219 4 171
4 219 171
188 6 171
6 188 171
200 8 171
8 200 171
208 6 171
6 208 171
211 4 172
4 211 172
189 4 172
4 189 172
191 6 172
6 191 172
201 4 172
4 201 172
210 6 172
6 210 172
215 6 173
6 215 173
174 2 173
2 174 173
182 4 173
4 182 173
183 4 173
4 183 173
186 4 173
4 186 173
194 6 173
6 194 173
206 4 173
4 206 173
212 4 173
4 212 173
216 8 173
8 216 173
219 4 174
4 219 174
187 4 174
4 187 174
188 6 174
6 188 174
189 6 174
6 189 174
196 6 174
6 196 174
199 4 174
4 199 174
222 8 175
8 222 175
201 6 175
6 201 175
208 8 175
8 208 175
216 8 176
8 216 176
185 6 176
6 185 176
204 6 176
6 204 176
210 4 176
4 210 176
217 6 176
6 217 176
226 6 177
6 226 177
178 4 177
4 178 177
201 6 177
6 201 177
205 2 177
2 205 177
208 4 177
4 208 177
210 4 177
4 210 177
211 6 177
6 211 177
214 6 177
6 214 177
217 6 177
6 217 177
225 6 178
6 225 178
200 2 178
2 200 178
201 6 179
6 201 179
182 6 179
6 182 179
188 6 179
6 188 179
208 6 180
6 208 180
185 2 180
2 185 180
207 4 180
4 207 180
210 4 180
4 210 180
214 4 180
4 214 180
222 2 180
2 222 180
224 4 180
4 224 180
226 4 181
4 226 181
190 6 181
6 190 181
198 4 181
4 198 181
208 6 181
6 208 181
216 6 182
6 216 182
194 6 182
6 194 182
207 4 182
4 207 182
208 4 182
4 208 182
217 6 183
6 217 183
190 4 183
4 190 183
213 2 183
2 213 183
214 4 183
4 214 183
221 6 183
6 221 183
225 6 184
6 225 184
216 8 184
8 216 184
217 6 184
6 217 184
224 2 185
2 224 185
186 2 185
2 186 185
192 6 185
6 192 185
193 6 185
6 193 185
216 6 185
6 216 185
221 6 186
6 221 186
187 2 186
2 187 186
188 2 186
2 188 186
195 4 186
4 195 186
207 4 186
4 207 186
211 4 186
4 211 186
213 4 186
4 213 186
219 4 187
4 219 187
197 6 187
6 197 187
202 4 187
4 202 187
205 4 188
4 205 188
192 2 188
2 192 188
210 4 188
4 210 188
225 4 189
4 225 189
194 6 190
6 194 190
208 4 190
4 208 190
211 6 191
6 211 191
194 4 191
4 194 191
195 6 191
6 195 191
196 6 191
6 196 191
201 6 191
6 201 191
215 4 191
4 215 191
219 4 191
4 219 191
220 8 191
8 220 191
222 6 192
6 222 192
193 2 192
2 193 192
207 4 192
4 207 192
209 4 193
4 209 193
203 2 194
2 203 194
195 4 194
4 195 194
196 4 194
4 196 194
213 6 195
6 213 195
196 4 195
4 196 195
208 6 195
6 208 195
217 4 195
4 217 195
223 4 196
4 223 196
227 6 197
6 227 197
207 6 197
6 207 197
210 6 197
6 210 197
211 6 197
6 211 197
217 6 198
6 217 198
211 4 198
4 211 198
219 6 199
6 219 199
206 6 199
6 206 199
210 6 199
6 210 199
218 6 200
6 218 200
210 6 200
6 210 200
224 6 201
6 224 201
209 2 201
2 209 201
220 6 201
6 220 201
223 6 202
6 223 202
213 6 203
6 213 203
206 2 203
2 206 203
225 6 204
6 225 204
205 4 204
4 205 204
213 6 204
6 213 204
214 8 204
8 214 204
217 6 204
6 217 204
220 6 204
6 220 204
222 6 205
6 222 205
206 2 205
2 206 205
216 8 205
8 216 205
220 8 206
8 220 206
217 6 207
6 217 207
227 2 208
2 227 208
227 2 209
2 227 209
221 4 210
4 221 210
223 6 211
6 223 211
215 6 211
6 215 211
219 4 211
4 219 211
220 4 211
4 220 211
224 4 212
4 224 212
227 4 213
4 227 213
214 2 213
2 214 213
224 4 214
4 224 214
216 6 214
6 216 214
218 4 214
4 218 214
223 4 215
4 223 215
217 4 215
4 217 215
220 8 215
8 220 215
223 6 216
6 223 216
227 8 217
8 227 217
227 6 218
6 227 218
227 4 219
4 227 219
227 2 220
2 227 220
223 4 221
4 223 221
222 6 221
6 222 221
225 6 222
6 225 222
227 4 223
4 227 223
227 4 224
4 227 224
227 2 225
2 227 225
227 4 226
4 227 226
227 4 226
4 227 226
