96 98 7
98 96 7
4 65 62
65 4 62
57 62 68
62 57 68
14 49 22
49 14 22
14 36 46
36 14 46
50 66 90
66 50 90
94 97 51
97 94 51
44 82 29
82 44 29
37 95 62
95 37 62
55 65 32
65 55 32
18 19 45
19 18 45
53 91 83
91 53 83
4 9 54
9 4 54
40 69 67
69 40 67
3 23 56
23 3 56
20 82 1
82 20 1
11 52 37
52 11 37
86 95 7
95 86 7
30 52 43
52 30 43
24 48 69
48 24 69
79 95 76
95 79 76
34 57 46
57 34 46
30 88 49
88 30 49
3 95 32
95 3 32
71 93 87
93 71 87
4 28 90
28 4 90
33 69 93
69 33 93
20 52 89
52 20 89
15 58 20
58 15 20
12 86 9
86 12 9
88 99 87
99 88 87
85 99 36
99 85 36
78 100 50
100 78 50
37 94 83
94 37 83
41 95 70
95 41 70
22 28 84
28 22 84
5 40 27
40 5 27
10 30 80
30 10 80
14 60 64
60 14 64
4 33 30
33 4 30
56 71 50
71 56 50
21 71 31
71 21 31
19 68 44
68 19 44
26 46 63
46 26 63
15 30 50
30 15 50
18 60 96
60 18 96
49 91 21
91 49 21
55 85 1
85 55 1
12 94 17
94 12 17
35 61 66
61 35 66
10 89 92
89 10 92
7 23 87
23 7 87
19 42 70
42 19 70
46 95 90
95 46 90
6 79 93
79 6 93
21 87 37
87 21 37
21 23 92
23 21 92
1 63 94
63 1 94
7 68 39
68 7 39
50 69 13
69 50 13
37 68 40
68 37 40
51 54 39
54 51 39
18 21 28
21 18 28
12 21 89
21 12 89
17 60 79
60 17 79
63 82 32
82 63 32
5 65 77
65 5 77
45 62 42
62 45 42
23 63 26
63 23 26
88 96 73
96 88 73
75 84 56
84 75 56
2 59 90
59 2 90
7 30 92
30 7 92
82 91 25
91 82 25
22 26 41
26 22 41
18 54 63
54 18 63
9 57 59
57 9 59
1 49 20
49 1 20
32 46 76
46 32 76
15 48 38
48 15 38
9 94 23
94 9 23
13 16 90
16 13 90
3 78 86
78 3 86
27 93 33
93 27 33
4 97 82
97 4 82
12 30 58
30 12 58
47 82 96
82 47 96
11 28 69
28 11 69
61 83 71
83 61 71
4 6 63
6 4 63
96 99 39
99 96 39
18 67 21
67 18 21
36 52 87
52 36 87
2 82 50
82 2 50
1 22 54
22 1 54
2 99 73
99 2 73
65 87 6
87 65 6
86 91 46
91 86 46
22 91 35
91 22 35
39 96 24
96 39 24
4 19 3
19 4 3
21 57 71
57 21 71
49 70 18
70 49 18
10 49 39
49 10 39
11 88 60
88 11 60
12 98 16
98 12 16
70 99 8
99 70 8
57 59 43
59 57 43
35 44 39
44 35 39
61 94 41
94 61 41
8 41 42
41 8 42
29 93 99
93 29 99
34 61 28
61 34 28
21 28 42
28 21 42
16 96 63
96 16 63
16 54 63
54 16 63
5 38 29
38 5 29
45 59 9
59 45 9
41 79 10
79 41 10
23 41 78
41 23 78
49 78 92
78 49 92
62 94 56
94 62 56
43 96 21
96 43 21
43 48 65
48 43 65
9 15 76
15 9 76
67 83 1
83 67 1
20 50 79
50 20 79
49 98 70
98 49 70
63 69 60
69 63 60
7 31 80
31 7 80
10 15 3
15 10 3
25 37 10
37 25 10
9 95 3
95 9 3
71 86 29
86 71 29
21 45 91
45 21 91
58 74 84
74 58 84
35 92 46
92 35 46
32 40 55
40 32 55
14 79 70
79 14 70
10 86 43
86 10 43
38 42 61
42 38 61
25 75 6
75 25 6
9 43 58
43 9 58
77 82 24
82 77 24
58 98 83
98 58 83
31 93 34
93 31 34
59 95 74
95 59 74
61 63 46
63 61 46
44 76 45
76 44 45
52 80 90
80 52 90
15 49 33
49 15 33
69 80 67
80 69 67
33 57 71
57 33 71
42 53 17
53 42 17
6 25 38
25 6 38
13 61 78
61 13 78
57 76 35
76 57 35
22 47 64
47 22 64
35 78 98
78 35 98
25 98 79
98 25 79
11 91 84
91 11 84
57 72 38
72 57 38
34 48 25
48 34 25
16 93 29
93 16 29
17 20 49
20 17 49
69 95 15
95 69 15
12 95 1
95 12 1
65 90 21
90 65 21
5 31 91
31 5 91
3 25 10
25 3 10
31 34 98
34 31 98
59 89 56
89 59 56
86 89 46
89 86 46
9 68 48
68 9 48
15 76 76
76 15 76
76 82 69
82 76 69
27 35 92
35 27 92
8 43 30
43 8 30
17 69 56
69 17 56
12 73 36
73 12 36
67 68 48
68 67 48
47 85 62
85 47 62
22 34 15
34 22 15
16 79 88
79 16 88
52 57 5
57 52 5
4 91 3
91 4 3
6 83 17
83 6 17
30 69 43
69 30 43
23 74 81
74 23 81
2 16 64
16 2 64
27 71 23
71 27 23
36 50 13
50 36 13
32 95 75
95 32 75
16 100 77
100 16 77
44 100 62
100 44 62
87 97 92
97 87 92
14 32 53
32 14 53
15 77 50
77 15 50
26 49 22
49 26 22
52 87 26
87 52 26
29 76 86
76 29 86
5 52 30
52 5 30
26 79 16
79 26 16
63 78 21
78 63 21
43 45 100
45 43 100
7 65 81
65 7 81
13 37 100
37 13 100
2 87 74
87 2 74
9 50 76
50 9 76
1 18 79
18 1 79
72 91 60
91 72 60
46 82 3
82 46 3
21 26 41
26 21 41
47 63 35
63 47 35
36 97 91
97 36 91
29 91 42
91 29 42
91 95 13
95 91 13
12 46 24
46 12 24
18 76 42
76 18 42
2 93 92
93 2 92
9 83 9
83 9 9
27 73 40
73 27 40
74 81 87
81 74 87
70 76 2
76 70 2
5 58 43
58 5 43
69 91 100
91 69 100
47 96 25
96 47 25
37 82 95
82 37 95
8 13 39
13 8 39
83 96 1
96 83 1
28 52 81
52 28 81
7 28 60
28 7 60
12 84 39
84 12 39
30 53 50
53 30 50
22 33 64
33 22 64
32 43 98
43 32 98
26 66 13
66 26 13
68 91 39
91 68 39
43 68 55
68 43 55
27 95 28
95 27 28
26 30 69
30 26 69
21 67 8
67 21 8
22 23 21
23 22 21
15 59 71
59 15 71
66 77 41
77 66 41
56 93 36
93 56 36
32 89 77
89 32 77
21 85 48
85 21 48
15 61 91
61 15 91
55 59 6
59 55 6
43 81 78
81 43 78
10 26 41
26 10 41
12 77 67
77 12 67
7 62 16
62 7 16
7 72 32
72 7 32
12 62 96
62 12 96
16 43 18
43 16 18
49 93 63
93 49 63
64 66 74
66 64 74
45 83 50
83 45 50
51 84 51
84 51 51
65 80 56
80 65 56
48 49 86
49 48 86
24 32 30
32 24 30
13 87 38
87 13 38
55 79 54
79 55 54
2 53 99
53 2 99
4 44 96
44 4 96
18 49 56
49 18 56
44 79 69
79 44 69
32 54 8
54 32 8
1 48 70
48 1 70
53 67 61
67 53 61
4 80 97
80 4 97
48 65 94
65 48 94
13 29 38
29 13 38
5 86 15
86 5 15
36 61 45
61 36 45
38 74 73
74 38 73
55 91 74
91 55 74
22 62 24
62 22 24
2 20 25
20 2 25
50 92 3
92 50 3
45 75 91
75 45 91
36 59 83
59 36 83
70 95 32
95 70 32
50 55 56
55 50 56
2 94 58
94 2 58
11 56 43
56 11 43
20 79 70
79 20 70
4 71 53
71 4 53
30 82 54
82 30 54
18 30 50
30 18 50
12 15 51
15 12 51
20 22 62
22 20 62
23 57 32
57 23 32
84 90 28
90 84 28
66 95 10
95 66 10
50 90 92
90 50 92
69 87 69
87 69 69
78 96 18
96 78 18
3 73 3
73 3 3
14 53 15
53 14 15
57 58 88
58 57 88
77 93 19
93 77 19
20 44 10
44 20 10
43 54 12
54 43 12
31 75 30
75 31 30
77 88 83
88 77 83
81 89 22
89 81 22
40 52 64
52 40 64
23 36 72
36 23 72
31 56 42
56 31 42
31 94 71
94 31 71
33 75 87
75 33 87
70 71 56
71 70 56
34 41 73
41 34 73
8 47 80
47 8 80
3 56 39
56 3 39
