10 , 20 , 56 , 24 , 0.428571
10 , 20 , 56 , 24 , 0
11 , 22 , 38 , 9 , 0.236842
11 , 46 , 22 , 7 , 0.318182
11 , 34 , 30 , 8 , 0
12 , 24 , 47 , 15 , 0.319149
12 , 50 , 34 , 0 , 0
12 , 37 , 40 , 7 , 0
13 , 26 , 68 , 24 , 0.352941
13 , 54 , 36 , 0 , 0
13 , 40 , 52 , 12 , 0
14 , 28 , 53 , 13 , 0.245283
14 , 58 , 42 , 0 , 0
14 , 43 , 47 , 6 , 0
15 , 30 , 83 , 25 , 0.301205
15 , 62 , 43 , 14 , 0.325581
15 , 46 , 63 , 19 , 0
16 , 32 , 58 , 20 , 0.344828
16 , 66 , 58 , 0 , 0
16 , 49 , 58 , 10 , 0
17 , 34 , 88 , 28 , 0.318182
17 , 70 , 53 , 0 , 0
17 , 52 , 70 , 14 , 0
18 , 36 , 95 , 28 , 0.294737
18 , 74 , 54 , 21 , 0.388889
18 , 55 , 74 , 24 , 0
19 , 38 , 86 , 25 , 0.290698
19 , 78 , 60 , 0 , 0
19 , 58 , 73 , 12 , 0
20 , 40 , 96 , 29 , 0.302083
20 , 82 , 57 , 0 , 0
20 , 166 , 37 , 0 , 0
20 , 96 , 63 , 9 , 0
21 , 42 , 93 , 30 , 0.322581
21 , 86 , 57 , 0 , 0
21 , 174 , 46 , 0 , 0
21 , 100 , 65 , 10 , 0
22 , 44 , 100 , 33 , 0.33
22 , 90 , 59 , 0 , 0
22 , 182 , 40 , 0 , 0
22 , 105 , 66 , 11 , 0
23 , 46 , 97 , 27 , 0.278351
23 , 94 , 63 , 0 , 0
23 , 190 , 40 , 0 , 0
23 , 110 , 66 , 9 , 0
24 , 48 , 92 , 26 , 0.282609
24 , 98 , 75 , 0 , 0
24 , 198 , 49 , 0 , 0
24 , 114 , 72 , 8 , 0
25 , 50 , 146 , 45 , 0.308219
25 , 102 , 72 , 0 , 0
25 , 206 , 48 , 0 , 0
25 , 119 , 88 , 15 , 0
26 , 52 , 126 , 41 , 0.325397
26 , 106 , 92 , 0 , 0
26 , 214 , 38 , 0 , 0
26 , 124 , 85 , 13 , 0
27 , 54 , 133 , 37 , 0.278195
27 , 110 , 85 , 0 , 0
27 , 222 , 57 , 0 , 0
27 , 128 , 91 , 12 , 0
28 , 56 , 122 , 32 , 0.262295
28 , 114 , 90 , 0 , 0
28 , 230 , 49 , 0 , 0
28 , 133 , 87 , 10 , 0
29 , 58 , 138 , 39 , 0.282609
29 , 118 , 91 , 0 , 0
29 , 238 , 64 , 0 , 0
29 , 138 , 97 , 13 , 0
30 , 60 , 143 , 44 , 0.307692
30 , 122 , 83 , 0 , 0
30 , 246 , 52 , 0 , 0
30 , 142 , 92 , 14 , 0
31 , 62 , 135 , 41 , 0.303704
31 , 126 , 114 , 0 , 0
31 , 254 , 63 , 0 , 0
31 , 147 , 104 , 13 , 0
32 , 64 , 178 , 51 , 0.286517
32 , 130 , 118 , 0 , 0
32 , 262 , 53 , 0 , 0
32 , 152 , 116 , 17 , 0
33 , 66 , 169 , 52 , 0.307692
33 , 134 , 111 , 0 , 0
33 , 270 , 63 , 0 , 0
33 , 156 , 114 , 17 , 0
34 , 68 , 212 , 74 , 0.349057
34 , 138 , 101 , 0 , 0
34 , 278 , 79 , 0 , 0
34 , 161 , 130 , 24 , 0
35 , 70 , 157 , 44 , 0.280255
35 , 142 , 115 , 0 , 0
35 , 286 , 56 , 0 , 0
35 , 166 , 109 , 14 , 0
36 , 72 , 199 , 60 , 0.301508
36 , 146 , 88 , 0 , 0
36 , 294 , 65 , 0 , 0
36 , 590 , 45 , 0 , 0
36 , 275 , 99 , 15 , 0
37 , 74 , 167 , 47 , 0.281437
37 , 150 , 114 , 0 , 0
37 , 302 , 68 , 0 , 0
37 , 606 , 40 , 0 , 0
37 , 283 , 97 , 11 , 0
38 , 76 , 182 , 55 , 0.302198
38 , 154 , 115 , 0 , 0
38 , 310 , 85 , 0 , 0
38 , 622 , 41 , 0 , 0
38 , 290 , 105 , 13 , 0
39 , 78 , 195 , 54 , 0.276923
39 , 158 , 122 , 0 , 0
39 , 318 , 97 , 0 , 0
39 , 638 , 43 , 0 , 0
39 , 298 , 114 , 13 , 0
40 , 80 , 189 , 60 , 0.31746
40 , 162 , 99 , 0 , 0
40 , 326 , 68 , 0 , 0
40 , 654 , 49 , 0 , 0
40 , 305 , 101 , 15 , 0
41 , 82 , 203 , 59 , 0.29064
41 , 166 , 129 , 0 , 0
41 , 334 , 95 , 0 , 0
41 , 670 , 59 , 0 , 0
41 , 313 , 121 , 14 , 0
42 , 84 , 189 , 46 , 0.243386
42 , 170 , 122 , 0 , 0
42 , 342 , 93 , 0 , 0
42 , 686 , 57 , 0 , 0
42 , 320 , 115 , 11 , 0
43 , 86 , 250 , 73 , 0.292
43 , 174 , 126 , 0 , 0
43 , 350 , 86 , 0 , 0
43 , 702 , 61 , 0 , 0
43 , 328 , 130 , 18 , 0
44 , 88 , 216 , 53 , 0.24537
44 , 178 , 147 , 0 , 0
44 , 358 , 93 , 0 , 0
44 , 718 , 63 , 0 , 0
44 , 335 , 129 , 13 , 0
45 , 90 , 220 , 52 , 0.236364
45 , 182 , 132 , 0 , 0
45 , 366 , 93 , 0 , 0
45 , 734 , 56 , 0 , 0
45 , 343 , 125 , 13 , 0
46 , 92 , 180 , 38 , 0.211111
46 , 186 , 144 , 0 , 0
46 , 374 , 97 , 0 , 0
46 , 750 , 58 , 0 , 0
46 , 350 , 119 , 9 , 0
47 , 94 , 211 , 52 , 0.246445
47 , 190 , 137 , 0 , 0
47 , 382 , 93 , 0 , 0
47 , 766 , 56 , 0 , 0
47 , 358 , 124 , 13 , 0
48 , 96 , 231 , 71 , 0.307359
48 , 194 , 140 , 0 , 0
48 , 390 , 81 , 0 , 0
48 , 782 , 66 , 0 , 0
48 , 365 , 129 , 17 , 0
49 , 98 , 249 , 68 , 0.273092
49 , 198 , 161 , 0 , 0
49 , 398 , 91 , 0 , 0
49 , 798 , 67 , 0 , 0
49 , 373 , 142 , 17 , 0
50 , 100 , 282 , 80 , 0.283688
50 , 202 , 149 , 0 , 0
50 , 406 , 90 , 0 , 0
50 , 814 , 59 , 0 , 0
50 , 380 , 145 , 20 , 0
