69 249 34
249 69 34
48 220 42
220 48 42
61 179 56
179 61 56
30 181 16
181 30 16
67 84 53
84 67 53
8 251 78
251 8 78
60 144 72
144 60 72
43 61 92
61 43 92
15 100 58
100 15 58
4 328 76
328 4 76
51 116 22
116 51 22
6 207 25
207 6 25
26 157 47
157 26 47
80 210 39
210 80 39
49 70 59
70 49 59
27 145 43
145 27 43
21 234 26
234 21 26
31 131 71
131 31 71
10 177 71
177 10 71
36 233 37
233 36 37
65 71 48
71 65 48
49 297 32
297 49 32
42 124 52
124 42 52
18 231 41
231 18 41
33 325 64
325 33 64
38 325 47
325 38 47
64 316 14
316 64 14
9 49 74
49 9 74
98 300 86
300 98 86
71 182 49
182 71 49
33 307 25
307 33 25
48 283 19
283 48 19
70 250 92
250 70 92
51 99 46
99 51 46
52 86 33
86 52 33
2 296 45
296 2 45
53 165 88
165 53 88
102 279 91
279 102 91
106 152 69
152 106 69
45 148 20
148 45 20
18 337 36
337 18 36
15 152 41
152 15 41
55 142 96
142 55 96
111 127 58
127 111 58
26 229 100
229 26 100
17 102 48
102 17 48
99 155 68
155 99 68
49 295 51
295 49 51
83 181 8
181 83 8
22 146 48
146 22 48
105 178 70
178 105 70
1 237 76
237 1 76
42 335 24
335 42 24
81 215 7
215 81 7
88 271 39
271 88 39
22 345 53
345 22 53
40 191 90
191 40 90
10 247 73
247 10 73
60 201 30
201 60 30
34 331 79
331 34 79
98 129 99
129 98 99
68 240 7
240 68 7
51 315 87
315 51 87
68 108 46
108 68 46
18 202 2
202 18 2
88 150 60
150 88 60
108 218 42
218 108 42
75 250 59
250 75 59
33 249 88
249 33 88
49 176 39
176 49 39
3 176 10
176 3 10
21 125 51
125 21 51
59 168 94
168 59 94
15 254 67
254 15 67
52 105 75
105 52 75
36 64 58
64 36 58
25 120 78
120 25 78
75 158 38
158 75 38
93 192 80
192 93 80
108 209 94
209 108 94
44 329 14
329 44 14
83 290 11
290 83 11
54 132 9
132 54 9
18 265 13
265 18 13
16 84 100
84 16 100
79 299 20
299 79 20
111 306 94
306 111 94
77 201 19
201 77 19
21 310 64
310 21 64
38 175 52
175 38 52
47 162 23
162 47 23
98 306 42
306 98 42
72 257 41
257 72 41
8 103 30
103 8 30
9 342 78
342 9 78
12 160 7
160 12 7
2 49 37
49 2 37
81 229 37
229 81 37
107 123 64
123 107 64
12 213 48
213 12 48
75 211 24
211 75 24
38 69 90
69 38 90
59 105 72
105 59 72
82 252 84
252 82 84
79 199 1
199 79 1
1 197 36
197 1 36
1 298 66
298 1 66
52 115 37
115 52 37
48 213 80
213 48 80
67 277 75
277 67 75
79 335 73
335 79 73
41 200 30
200 41 30
26 270 9
270 26 9
59 60 9
60 59 9
5 139 29
139 5 29
96 228 61
228 96 61
75 192 40
192 75 40
33 323 96
323 33 96
109 207 86
207 109 86
110 148 31
148 110 31
49 67 15
67 49 15
42 278 63
278 42 63
11 151 27
151 11 27
36 267 35
267 36 35
83 292 68
292 83 68
47 248 8
248 47 8
81 262 29
262 81 29
87 273 23
273 87 23
48 199 19
199 48 19
16 218 11
218 16 11
104 281 94
281 104 94
49 122 79
122 49 79
83 347 80
347 83 80
80 253 26
253 80 26
95 181 82
181 95 82
71 108 3
108 71 3
67 232 7
232 67 7
16 179 15
179 16 15
14 17 28
17 14 28
31 63 93
63 31 93
72 193 91
193 72 91
79 124 70
124 79 70
49 271 70
271 49 70
107 162 9
162 107 9
88 171 72
171 88 72
70 72 32
72 70 32
23 174 81
174 23 81
60 326 79
326 60 79
46 217 56
217 46 56
101 110 77
110 101 77
30 94 34
94 30 34
85 333 65
333 85 65
37 341 54
341 37 54
102 299 91
299 102 91
94 277 93
277 94 93
91 228 83
228 91 83
17 249 54
249 17 54
90 319 12
319 90 12
70 175 88
175 70 88
15 86 97
86 15 97
38 261 54
261 38 54
35 158 4
158 35 4
97 255 80
255 97 80
54 99 36
99 54 36
17 93 29
93 17 29
26 135 85
135 26 85
76 127 52
127 76 52
108 140 41
140 108 41
75 136 50
136 75 50
59 345 21
345 59 21
49 325 40
325 49 40
12 132 8
132 12 8
14 42 9
42 14 9
27 39 23
39 27 23
48 205 75
205 48 75
31 232 58
232 31 58
16 103 35
103 16 35
68 138 30
138 68 30
30 269 73
269 30 73
28 129 12
129 28 12
27 59 77
59 27 77
39 52 25
52 39 25
110 318 42
318 110 42
47 165 46
165 47 46
61 311 5
311 61 5
11 269 13
269 11 13
60 239 22
239 60 22
105 287 56
287 105 56
37 280 25
280 37 25
75 153 99
153 75 99
47 325 87
325 47 87
6 55 17
55 6 17
5 254 66
254 5 66
15 182 87
182 15 87
27 80 50
80 27 50
50 233 91
233 50 91
1 62 25
62 1 25
4 195 82
195 4 82
39 118 10
118 39 10
20 263 16
263 20 16
96 184 14
184 96 14
74 340 17
340 74 17
15 206 23
206 15 23
86 311 13
311 86 13
60 235 84
235 60 84
111 135 79
135 111 79
65 160 48
160 65 48
66 126 25
126 66 25
93 284 46
284 93 46
62 323 95
323 62 95
110 149 26
149 110 26
46 189 18
189 46 18
54 219 82
219 54 82
13 174 47
174 13 47
60 289 95
289 60 95
84 86 48
86 84 48
32 304 80
304 32 80
71 219 86
219 71 86
62 251 63
251 62 63
86 221 81
221 86 81
38 95 20
95 38 20
10 123 7
123 10 7
32 154 11
154 32 11
106 149 55
149 106 55
29 293 93
293 29 93
99 139 45
139 99 45
5 336 85
336 5 85
12 80 61
80 12 61
100 111 70
111 100 70
77 267 53
267 77 53
69 351 1
351 69 1
43 319 94
319 43 94
62 74 65
74 62 65
51 347 87
347 51 87
78 134 23
134 78 23
76 323 24
323 76 24
27 127 15
127 27 15
17 347 68
347 17 68
34 279 62
279 34 62
61 270 39
270 61 39
109 229 70
229 109 70
10 277 5
277 10 5
50 185 43
185 50 43
9 242 11
242 9 11
11 138 99
138 11 99
5 238 71
238 5 71
11 309 96
309 11 96
5 214 98
214 5 98
26 52 40
52 26 40
89 210 53
210 89 53
82 161 85
161 82 85
1 47 95
47 1 95
72 316 67
316 72 67
54 129 90
129 54 90
97 130 55
130 97 55
82 266 64
266 82 64
43 334 57
334 43 57
43 165 16
165 43 16
75 317 16
317 75 16
67 154 17
154 67 17
1 328 20
328 1 20
48 265 82
265 48 82
90 234 84
234 90 84
19 198 58
198 19 58
85 284 25
284 85 25
43 225 63
225 43 63
32 196 31
196 32 31
78 219 37
219 78 37
106 241 55
241 106 55
62 145 72
145 62 72
56 78 72
78 56 72
37 143 10
143 37 10
8 241 18
241 8 18
23 224 90
224 23 90
56 226 48
226 56 48
72 127 50
127 72 50
39 313 40
313 39 40
55 141 6
141 55 6
12 32 65
32 12 65
7 153 69
153 7 69
60 318 92
318 60 92
26 118 35
118 26 35
43 212 39
212 43 39
70 213 87
213 70 87
31 106 38
106 31 38
1 76 23
76 1 23
32 74 35
74 32 35
102 234 83
234 102 83
27 97 65
97 27 65
6 67 18
67 6 18
22 50 87
50 22 87
85 289 75
289 85 75
104 250 77
250 104 77
101 275 38
275 101 38
71 227 71
227 71 71
56 155 77
155 56 77
101 231 61
231 101 61
43 294 61
294 43 61
53 110 23
110 53 23
20 228 69
228 20 69
97 306 98
306 97 98
53 101 55
101 53 55
65 237 22
237 65 22
66 258 72
258 66 72
23 269 58
269 23 58
59 256 61
256 59 61
37 207 77
207 37 77
21 34 11
34 21 11
25 117 2
117 25 2
48 274 79
274 48 79
65 174 70
174 65 70
13 352 54
352 13 54
111 193 32
193 111 32
19 142 74
142 19 74
43 224 26
224 43 26
41 177 66
177 41 66
79 214 94
214 79 94
5 314 59
314 5 59
28 76 83
76 28 83
34 345 64
345 34 64
13 49 73
49 13 73
65 188 90
188 65 90
4 273 30
273 4 30
88 222 71
222 88 71
89 216 63
216 89 63
20 202 4
202 20 4
49 74 58
74 49 58
3 210 66
210 3 66
99 309 57
309 99 57
107 352 14
352 107 14
41 240 23
240 41 23
111 254 51
254 111 51
89 195 66
195 89 66
74 197 63
197 74 63
51 318 33
318 51 33
58 264 1
264 58 1
1 22 2
22 1 2
20 106 46
106 20 46
72 225 86
225 72 86
16 55 91
55 16 91
6 301 96
301 6 96
26 248 98
248 26 98
16 277 32
277 16 32
5 307 30
307 5 30
70 217 37
217 70 37
32 221 28
221 32 28
11 209 60
209 11 60
33 227 87
227 33 87
111 179 6
179 111 6
73 199 4
199 73 4
102 297 16
297 102 16
46 191 47
191 46 47
89 128 86
128 89 86
46 295 17
295 46 17
15 165 58
165 15 58
45 90 94
90 45 94
28 281 81
281 28 81
108 348 16
348 108 16
2 235 54
235 2 54
74 205 92
205 74 92
19 180 50
180 19 50
111 260 37
260 111 37
62 233 76
233 62 76
46 336 63
336 46 63
1 190 22
190 1 22
42 319 26
319 42 26
60 329 12
329 60 12
90 260 27
260 90 27
45 312 15
312 45 15
74 126 58
126 74 58
75 220 48
220 75 48
53 276 65
276 53 65
75 166 18
166 75 18
86 166 23
166 86 23
84 89 53
89 84 53
11 310 20
310 11 20
30 230 97
230 30 97
93 326 4
326 93 4
33 151 79
151 33 79
5 339 91
339 5 91
57 145 34
145 57 34
44 210 80
210 44 80
101 267 65
267 101 65
17 200 53
200 17 53
69 275 94
275 69 94
39 138 69
138 39 69
2 271 66
271 2 66
100 217 43
217 100 43
46 214 19
214 46 19
37 95 58
95 37 58
61 140 22
140 61 22
10 256 6
256 10 6
77 198 91
198 77 91
107 265 30
265 107 30
18 53 41
53 18 41
47 256 6
256 47 6
19 324 82
324 19 82
45 139 91
139 45 91
83 234 83
234 83 83
64 75 64
75 64 64
13 279 44
279 13 44
14 189 24
189 14 24
16 225 82
225 16 82
83 296 61
296 83 61
58 78 80
78 58 80
47 240 99
240 47 99
112 161 87
161 112 87
12 230 33
230 12 33
9 95 26
95 9 26
51 294 59
294 51 59
43 137 98
137 43 98
72 307 100
307 72 100
44 71 87
71 44 87
30 218 26
218 30 26
41 296 10
296 41 10
103 205 53
205 103 53
47 171 3
171 47 3
79 278 100
278 79 100
65 76 2
76 65 2
106 186 38
186 106 38
107 116 46
116 107 46
3 180 31
180 3 31
107 241 6
241 107 6
29 132 41
132 29 41
104 209 48
209 104 48
90 284 42
284 90 42
80 171 90
171 80 90
37 305 91
305 37 91
67 307 83
307 67 83
4 8 90
8 4 90
49 324 86
324 49 86
59 332 39
332 59 39
13 102 21
102 13 21
12 16 88
16 12 88
27 163 28
163 27 28
101 252 55
252 101 55
50 334 11
334 50 11
15 351 48
351 15 48
92 283 2
283 92 2
38 107 27
107 38 27
76 144 15
144 76 15
47 144 35
144 47 35
24 103 53
103 24 53
91 198 20
198 91 20
13 100 87
100 13 87
88 154 31
154 88 31
6 279 19
279 6 19
68 91 67
91 68 67
56 99 69
99 56 69
36 57 13
57 36 13
42 201 62
201 42 62
87 309 47
309 87 47
102 148 85
148 102 85
10 207 86
207 10 86
43 169 99
169 43 99
87 316 47
316 87 47
83 139 73
139 83 73
6 27 71
27 6 71
40 252 88
252 40 88
4 312 86
312 4 86
9 332 36
332 9 36
108 151 36
151 108 36
65 165 13
165 65 13
99 165 100
165 99 100
112 274 26
274 112 26
74 289 14
289 74 14
80 334 7
334 80 7
43 142 44
142 43 44
98 208 90
208 98 90
27 177 84
177 27 84
95 262 84
262 95 84
71 130 12
130 71 12
37 100 77
100 37 77
45 60 22
60 45 22
12 288 93
288 12 93
65 79 42
79 65 42
68 309 44
309 68 44
110 165 33
165 110 33
4 40 73
40 4 73
79 330 99
330 79 99
75 324 62
324 75 62
57 297 29
297 57 29
39 75 27
75 39 27
21 221 91
221 21 91
109 130 36
130 109 36
23 96 59
96 23 59
82 167 47
167 82 47
75 172 91
172 75 91
70 207 67
207 70 67
61 309 67
309 61 67
78 139 37
139 78 37
91 331 3
331 91 3
88 129 45
129 88 45
51 198 91
198 51 91
62 110 69
110 62 69
25 171 76
171 25 76
86 292 24
292 86 24
48 296 78
296 48 78
90 128 90
128 90 90
29 31 2
31 29 2
66 68 45
68 66 45
74 224 99
224 74 99
9 254 71
254 9 71
31 78 11
78 31 11
79 118 35
118 79 35
67 347 27
347 67 27
103 121 53
121 103 53
67 333 39
333 67 39
51 96 50
96 51 50
32 213 22
213 32 22
111 158 70
158 111 70
15 54 38
54 15 38
28 298 76
298 28 76
17 113 50
113 17 50
112 211 92
211 112 92
41 201 5
201 41 5
23 246 23
246 23 23
57 282 99
282 57 99
25 352 44
352 25 44
55 134 57
134 55 57
58 144 16
144 58 16
98 212 30
212 98 30
91 168 3
168 91 3
65 176 42
176 65 42
55 239 90
239 55 90
41 140 5
140 41 5
31 93 45
93 31 45
88 323 46
323 88 46
10 139 30
139 10 30
53 203 77
203 53 77
21 164 65
164 21 65
112 200 91
200 112 91
8 38 89
38 8 89
90 318 99
318 90 99
5 342 82
342 5 82
8 317 68
317 8 68
2 15 100
15 2 100
84 130 42
130 84 42
111 151 17
151 111 17
2 247 33
247 2 33
70 221 11
221 70 11
94 234 1
234 94 1
7 94 61
94 7 61
28 326 55
326 28 55
8 166 14
166 8 14
55 217 30
217 55 30
21 219 37
219 21 37
12 141 73
141 12 73
34 242 14
242 34 14
76 306 76
306 76 76
74 78 1
78 74 1
34 52 45
52 34 45
98 324 23
324 98 23
101 117 42
117 101 42
31 105 57
105 31 57
80 288 52
288 80 52
54 186 72
186 54 72
106 312 74
312 106 74
17 266 81
266 17 81
25 338 74
338 25 74
109 142 72
142 109 72
41 233 22
233 41 22
13 248 4
248 13 4
54 249 55
249 54 55
12 127 84
127 12 84
58 188 14
188 58 14
85 180 17
180 85 17
30 245 8
245 30 8
98 202 35
202 98 35
4 349 8
349 4 8
15 23 85
23 15 85
37 70 98
70 37 98
70 124 85
124 70 85
11 14 95
14 11 95
106 127 7
127 106 7
8 58 70
58 8 70
42 71 64
71 42 64
48 320 73
320 48 73
53 282 26
282 53 26
62 206 32
206 62 32
42 234 98
234 42 98
94 322 40
322 94 40
35 293 79
293 35 79
70 304 4
304 70 4
63 241 37
241 63 37
10 200 1
200 10 1
25 68 60
68 25 60
8 306 28
306 8 28
55 64 42
64 55 42
100 318 44
318 100 44
10 187 2
187 10 2
81 221 36
221 81 36
108 300 66
300 108 66
22 352 41
352 22 41
31 237 63
237 31 63
38 50 88
50 38 88
13 225 8
225 13 8
28 92 19
92 28 19
89 248 33
248 89 33
82 103 38
103 82 38
57 132 13
132 57 13
15 217 48
217 15 48
82 278 74
278 82 74
85 167 57
167 85 57
50 166 15
166 50 15
8 286 74
286 8 74
84 102 61
102 84 61
106 248 87
248 106 87
9 134 34
134 9 34
32 193 29
193 32 29
96 280 72
280 96 72
58 324 100
324 58 100
8 341 46
341 8 46
66 205 27
205 66 27
2 126 56
126 2 56
59 325 37
325 59 37
13 257 95
257 13 95
43 304 90
304 43 90
25 147 87
147 25 87
112 253 54
253 112 54
87 199 64
199 87 64
55 326 13
326 55 13
51 225 46
225 51 46
110 317 64
317 110 64
15 275 77
275 15 77
58 173 79
173 58 79
108 351 79
351 108 79
54 126 68
126 54 68
112 310 24
310 112 24
97 262 74
262 97 74
18 343 29
343 18 29
81 150 18
150 81 18
73 92 64
92 73 64
31 87 70
87 31 70
72 116 87
116 72 87
99 147 83
147 99 83
68 160 25
160 68 25
31 140 28
140 31 28
21 185 52
185 21 52
90 104 63
104 90 63
44 208 81
208 44 81
100 286 72
286 100 72
81 270 6
270 81 6
26 195 47
195 26 47
49 221 42
221 49 42
16 195 19
195 16 19
110 127 94
127 110 94
63 173 24
173 63 24
43 168 82
168 43 82
34 102 9
102 34 9
42 64 98
64 42 98
33 169 95
169 33 95
9 225 54
225 9 54
64 137 28
137 64 28
27 82 39
82 27 39
10 319 71
319 10 71
10 242 52
242 10 52
49 188 31
188 49 31
89 197 7
197 89 7
47 67 54
67 47 54
7 320 13
320 7 13
82 137 88
137 82 88
43 255 61
255 43 61
8 130 56
130 8 56
50 116 95
116 50 95
21 143 98
143 21 98
23 154 40
154 23 40
87 175 98
175 87 98
13 238 55
238 13 55
87 99 28
99 87 28
43 45 31
45 43 31
12 133 33
133 12 33
25 245 76
245 25 76
58 94 21
94 58 21
13 101 72
101 13 72
44 102 24
102 44 24
22 134 27
134 22 27
10 338 86
338 10 86
114 146 36
146 114 36
87 338 2
338 87 2
101 207 65
207 101 65
85 269 6
269 85 6
32 299 33
299 32 33
47 154 29
154 47 29
69 348 49
348 69 49
40 75 53
75 40 53
90 232 53
232 90 53
88 250 52
250 88 52
97 122 55
122 97 55
59 220 9
220 59 9
8 248 51
248 8 51
16 255 90
255 16 90
26 80 65
80 26 65
87 345 88
345 87 88
59 146 29
146 59 29
4 296 77
296 4 77
67 331 2
331 67 2
7 148 73
148 7 73
27 310 65
310 27 65
11 339 44
339 11 44
47 199 66
199 47 66
7 29 31
29 7 31
5 186 95
186 5 95
83 302 53
302 83 53
96 113 7
113 96 7
10 210 44
210 10 44
48 273 34
273 48 34
30 198 36
198 30 36
45 123 20
123 45 20
63 242 79
242 63 79
39 199 11
199 39 11
78 252 85
252 78 85
55 175 65
175 55 65
23 150 14
150 23 14
8 252 20
252 8 20
24 180 58
180 24 58
24 274 27
274 24 27
69 228 1
228 69 1
7 215 46
215 7 46
26 186 19
186 26 19
3 298 34
298 3 34
101 185 41
185 101 41
50 329 36
329 50 36
13 194 5
194 13 5
102 346 30
346 102 30
42 75 82
75 42 82
14 109 54
109 14 54
45 217 56
217 45 56
34 195 93
195 34 93
62 144 86
144 62 86
15 185 83
185 15 83
108 129 44
129 108 44
65 345 97
345 65 97
13 316 7
316 13 7
27 76 26
76 27 26
19 246 59
246 19 59
8 351 83
351 8 83
97 265 29
265 97 29
81 92 73
92 81 73
64 298 65
298 64 65
82 253 57
253 82 57
29 242 98
242 29 98
101 319 29
319 101 29
43 235 75
235 43 75
78 268 80
268 78 80
66 217 84
217 66 84
29 156 36
156 29 36
4 159 30
159 4 30
11 31 91
31 11 91
70 193 2
193 70 2
43 177 24
177 43 24
14 16 37
16 14 37
68 227 86
227 68 86
7 308 40
308 7 40
25 304 97
304 25 97
35 162 42
162 35 42
104 348 3
348 104 3
48 242 98
242 48 98
18 235 38
235 18 38
60 109 53
109 60 53
27 182 97
182 27 97
110 306 77
306 110 77
76 211 92
211 76 92
104 218 3
218 104 3
12 228 72
228 12 72
54 234 46
234 54 46
78 229 90
229 78 90
32 82 8
82 32 8
23 56 91
56 23 91
76 259 13
259 76 13
44 189 52
189 44 52
63 205 49
205 63 49
31 271 26
271 31 26
32 181 95
181 32 95
94 338 52
338 94 52
45 121 88
121 45 88
45 251 32
251 45 32
44 74 12
74 44 12
3 330 36
330 3 36
77 113 7
113 77 7
114 132 22
132 114 22
18 92 38
92 18 38
85 145 10
145 85 10
64 265 17
265 64 17
27 154 26
154 27 26
15 252 64
252 15 64
10 96 22
96 10 22
29 281 61
281 29 61
72 281 29
281 72 29
38 139 45
139 38 45
23 100 3
100 23 3
23 218 40
218 23 40
66 208 89
208 66 89
104 312 38
312 104 38
29 267 78
267 29 78
14 300 43
300 14 43
109 271 36
271 109 36
24 227 19
227 24 19
61 338 2
338 61 2
58 289 35
289 58 35
10 276 3
276 10 3
104 327 83
327 104 83
51 134 51
134 51 51
114 249 40
249 114 40
77 314 32
314 77 32
33 78 39
78 33 39
1 166 92
166 1 92
90 213 58
213 90 58
11 124 88
124 11 88
62 146 15
146 62 15
102 329 32
329 102 32
66 267 39
267 66 39
17 48 21
48 17 21
49 340 5
340 49 5
58 190 80
190 58 80
36 128 55
128 36 55
111 146 50
146 111 50
78 149 95
149 78 95
24 294 51
294 24 51
108 248 74
248 108 74
3 220 2
220 3 2
2 80 82
80 2 82
31 214 49
214 31 49
78 187 46
187 78 46
9 199 29
199 9 29
70 323 42
323 70 42
81 109 9
109 81 9
22 79 74
79 22 74
69 246 75
246 69 75
89 308 83
308 89 83
52 273 27
273 52 27
93 338 96
338 93 96
3 237 43
237 3 43
37 291 7
291 37 7
41 125 98
125 41 98
5 184 72
184 5 72
11 201 93
201 11 93
46 333 81
333 46 81
69 223 7
223 69 7
12 135 35
135 12 35
72 158 32
158 72 32
59 263 59
263 59 59
3 124 16
124 3 16
68 90 89
90 68 89
37 321 5
321 37 5
33 233 17
233 33 17
70 154 22
154 70 22
57 97 31
97 57 31
33 187 74
187 33 74
95 323 61
323 95 61
42 146 5
146 42 5
91 207 6
207 91 6
37 342 36
342 37 36
86 289 53
289 86 53
108 297 62
297 108 62
93 262 77
262 93 77
95 306 29
306 95 29
97 212 48
212 97 48
42 348 31
348 42 31
26 110 83
110 26 83
18 175 35
175 18 35
26 76 76
76 26 76
68 181 47
181 68 47
64 145 27
145 64 27
91 99 51
99 91 51
36 118 41
118 36 41
13 81 42
81 13 42
50 295 67
295 50 67
11 320 15
320 11 15
35 157 53
157 35 53
59 218 11
218 59 11
39 274 18
274 39 18
60 134 1
134 60 1
32 51 94
51 32 94
110 189 29
189 110 29
11 92 41
92 11 41
94 339 5
339 94 5
113 312 4
312 113 4
51 145 45
145 51 45
94 250 41
250 94 41
39 340 63
340 39 63
15 146 72
146 15 72
90 188 54
188 90 54
99 214 3
214 99 3
60 136 26
136 60 26
62 154 82
154 62 82
21 57 80
57 21 80
100 120 60
120 100 60
66 121 14
121 66 14
84 202 28
202 84 28
15 106 50
106 15 50
97 342 11
342 97 11
6 96 71
96 6 71
8 346 20
346 8 20
69 281 28
281 69 28
82 239 85
239 82 85
87 186 48
186 87 48
77 255 86
255 77 86
14 342 46
342 14 46
57 157 24
157 57 24
95 218 18
218 95 18
14 297 75
297 14 75
3 284 31
284 3 31
17 22 59
22 17 59
80 250 14
250 80 14
29 134 52
134 29 52
92 123 66
123 92 66
101 212 92
212 101 92
38 187 6
187 38 6
24 217 81
217 24 81
110 197 4
197 110 4
46 330 30
330 46 30
78 203 96
203 78 96
72 88 90
88 72 90
19 82 88
82 19 88
66 320 59
320 66 59
1 179 85
179 1 85
88 160 82
160 88 82
62 313 22
313 62 22
71 293 68
293 71 68
59 150 27
150 59 27
6 133 74
133 6 74
29 256 81
256 29 81
18 297 12
297 18 12
29 42 60
42 29 60
32 298 86
298 32 86
75 114 85
114 75 85
78 277 5
277 78 5
83 84 73
84 83 73
86 224 97
224 86 97
43 345 54
345 43 54
109 217 31
217 109 31
109 327 72
327 109 72
51 292 16
292 51 16
93 218 11
218 93 11
53 225 58
225 53 58
66 229 3
229 66 3
45 319 47
319 45 47
21 231 67
231 21 67
38 345 56
345 38 56
18 173 6
173 18 6
34 351 76
351 34 76
51 276 75
276 51 75
2 133 29
133 2 29
40 299 37
299 40 37
114 335 94
335 114 94
80 321 79
321 80 79
3 137 50
137 3 50
59 271 7
271 59 7
33 59 75
59 33 75
14 268 56
268 14 56
48 297 94
297 48 94
38 137 64
137 38 64
107 167 95
167 107 95
74 103 92
103 74 92
87 218 64
218 87 64
37 78 93
78 37 93
49 301 99
301 49 99
44 279 83
279 44 83
44 349 43
349 44 43
3 219 50
219 3 50
40 295 10
295 40 10
44 348 98
348 44 98
111 120 88
120 111 88
59 193 31
193 59 31
56 235 59
235 56 59
27 242 79
242 27 79
110 235 64
235 110 64
16 96 88
96 16 88
23 244 81
244 23 81
21 87 25
87 21 25
41 101 99
101 41 99
3 90 55
90 3 55
6 107 6
107 6 6
112 169 79
169 112 79
78 344 82
344 78 82
111 140 34
140 111 34
22 131 12
131 22 12
20 108 13
108 20 13
61 289 70
289 61 70
65 177 38
177 65 38
57 242 7
242 57 7
41 60 3
60 41 3
9 215 47
215 9 47
24 245 66
245 24 66
13 108 45
108 13 45
73 237 100
237 73 100
90 191 86
191 90 86
29 257 10
257 29 10
60 301 61
301 60 61
2 90 36
90 2 36
31 176 3
176 31 3
44 129 52
129 44 52
97 260 77
260 97 77
14 260 91
260 14 91
32 43 16
43 32 16
28 198 34
198 28 34
103 184 4
184 103 4
10 322 80
322 10 80
62 122 12
122 62 12
86 244 37
244 86 37
65 239 1
239 65 1
42 316 82
316 42 82
33 139 68
139 33 68
16 320 20
320 16 20
71 199 65
199 71 65
92 188 59
188 92 59
25 74 54
74 25 54
54 81 20
81 54 20
102 289 89
289 102 89
85 337 64
337 85 64
27 258 65
258 27 65
3 183 74
183 3 74
37 148 38
148 37 38
39 273 98
273 39 98
93 266 18
266 93 18
96 180 27
180 96 27
91 128 35
128 91 35
12 177 72
177 12 72
96 193 18
193 96 18
61 68 35
68 61 35
13 28 62
28 13 62
11 166 46
166 11 46
27 196 74
196 27 74
26 148 34
148 26 34
5 11 71
11 5 71
3 63 64
63 3 64
22 210 50
210 22 50
24 248 97
248 24 97
84 216 72
216 84 72
67 189 9
189 67 9
103 172 18
172 103 18
46 135 71
135 46 71
4 214 7
214 4 7
104 345 32
345 104 32
2 101 96
101 2 96
35 241 18
241 35 18
104 199 35
199 104 35
109 188 35
188 109 35
82 320 24
320 82 24
62 272 74
272 62 74
15 147 20
147 15 20
21 78 19
78 21 19
62 88 26
88 62 26
19 321 93
321 19 93
16 333 42
333 16 42
68 272 29
272 68 29
53 277 84
277 53 84
43 187 57
187 43 57
78 331 54
331 78 54
36 152 92
152 36 92
4 225 85
225 4 85
21 338 12
338 21 12
15 345 9
345 15 9
97 312 92
312 97 92
81 192 91
192 81 91
35 92 68
92 35 68
25 142 75
142 25 75
5 253 61
253 5 61
45 98 42
98 45 42
8 41 29
41 8 29
81 185 61
185 81 61
66 312 42
312 66 42
115 208 15
208 115 15
60 335 89
335 60 89
49 137 15
137 49 15
34 293 83
293 34 83
93 245 30
245 93 30
91 206 79
206 91 79
10 128 48
128 10 48
84 156 51
156 84 51
105 168 52
168 105 52
26 199 60
199 26 60
55 70 17
70 55 17
76 115 82
115 76 82
53 93 65
93 53 65
113 159 25
159 113 25
94 284 81
284 94 81
19 315 96
315 19 96
41 228 67
228 41 67
64 216 83
216 64 83
4 240 76
240 4 76
22 211 96
211 22 96
111 166 94
166 111 94
77 308 30
308 77 30
18 72 23
72 18 23
109 216 74
216 109 74
70 227 42
227 70 42
114 178 10
178 114 10
31 260 29
260 31 29
75 143 46
143 75 46
18 350 60
350 18 60
103 218 80
218 103 80
112 322 25
322 112 25
38 213 7
213 38 7
40 292 21
292 40 21
11 193 44
193 11 44
36 260 58
260 36 58
82 99 93
99 82 93
70 80 34
80 70 34
35 219 57
219 35 57
111 160 14
160 111 14
16 352 27
352 16 27
106 157 54
157 106 54
9 142 26
142 9 26
10 250 40
250 10 40
112 319 10
319 112 10
55 87 11
87 55 11
85 120 80
120 85 80
88 299 62
299 88 62
62 137 88
137 62 88
32 38 45
38 32 45
64 314 50
314 64 50
50 263 59
263 50 59
7 185 33
185 7 33
82 314 65
314 82 65
7 265 32
265 7 32
21 152 74
152 21 74
55 168 41
168 55 41
44 119 67
119 44 67
2 176 32
176 2 32
59 114 17
114 59 17
104 151 100
151 104 100
21 317 93
317 21 93
38 280 56
280 38 56
12 241 63
241 12 63
71 167 17
167 71 17
14 299 2
299 14 2
52 271 2
271 52 2
70 185 83
185 70 83
82 214 40
214 82 40
90 149 24
149 90 24
17 55 15
55 17 15
87 322 99
322 87 99
60 107 8
107 60 8
46 316 91
316 46 91
15 32 37
32 15 37
50 66 69
66 50 69
27 151 73
151 27 73
66 254 39
254 66 39
45 298 57
298 45 57
104 194 45
194 104 45
93 336 39
336 93 39
57 135 9
135 57 9
11 312 49
312 11 49
25 194 77
194 25 77
82 212 70
212 82 70
1 109 6
109 1 6
88 172 42
172 88 42
84 313 20
313 84 20
23 281 56
281 23 56
112 320 19
320 112 19
81 279 27
279 81 27
91 345 12
345 91 12
20 74 86
74 20 86
83 113 40
113 83 40
63 84 45
84 63 45
32 119 96
119 32 96
84 291 99
291 84 99
88 347 9
347 88 9
73 229 85
229 73 85
90 302 58
302 90 58
46 104 47
104 46 47
18 345 64
345 18 64
4 144 69
144 4 69
35 135 82
135 35 82
98 177 13
177 98 13
69 315 41
315 69 41
114 310 39
310 114 39
78 286 33
286 78 33
28 340 93
340 28 93
29 208 9
208 29 9
37 104 65
104 37 65
63 168 75
168 63 75
52 142 3
142 52 3
100 148 67
148 100 67
33 54 23
54 33 23
5 54 22
54 5 22
64 241 59
241 64 59
94 188 42
188 94 42
99 281 1
281 99 1
98 240 100
240 98 100
24 205 71
205 24 71
81 176 69
176 81 69
112 304 30
304 112 30
45 343 97
343 45 97
53 67 16
67 53 16
57 309 53
309 57 53
19 30 81
30 19 81
19 312 55
312 19 55
50 224 29
224 50 29
42 302 75
302 42 75
8 249 92
249 8 92
88 320 32
320 88 32
43 197 58
197 43 58
13 236 71
236 13 71
22 44 56
44 22 56
99 292 63
292 99 63
52 123 18
123 52 18
20 281 70
281 20 70
75 180 99
180 75 99
43 104 75
104 43 75
25 86 42
86 25 42
53 307 1
307 53 1
42 334 2
334 42 2
78 151 11
151 78 11
62 254 16
254 62 16
70 103 12
103 70 12
103 293 35
293 103 35
8 187 32
187 8 32
49 349 32
349 49 32
97 327 76
327 97 76
93 248 67
248 93 67
4 212 35
212 4 35
20 337 14
337 20 14
68 186 5
186 68 5
3 312 65
312 3 65
23 323 12
323 23 12
31 159 54
159 31 54
91 251 37
251 91 37
29 275 86
275 29 86
103 173 60
173 103 60
8 146 3
146 8 3
55 256 51
256 55 51
71 141 43
141 71 43
6 161 4
161 6 4
85 224 33
224 85 33
54 225 40
225 54 40
46 276 55
276 46 55
18 245 19
245 18 19
35 142 48
142 35 48
29 299 90
299 29 90
90 179 62
179 90 62
69 115 92
115 69 92
99 208 6
208 99 6
85 203 40
203 85 40
112 209 11
209 112 11
74 86 61
86 74 61
69 171 64
171 69 64
67 187 19
187 67 19
8 63 26
63 8 26
6 76 1
76 6 1
77 350 10
350 77 10
20 96 100
96 20 100
71 133 82
133 71 82
29 319 95
319 29 95
29 137 38
137 29 38
8 219 32
219 8 32
80 117 5
117 80 5
56 323 42
323 56 42
61 176 81
176 61 81
32 249 42
249 32 42
55 337 99
337 55 99
10 36 11
36 10 11
36 160 34
160 36 34
19 192 69
192 19 69
94 128 7
128 94 7
58 336 53
336 58 53
10 254 13
254 10 13
75 294 87
294 75 87
113 339 34
339 113 34
53 316 48
316 53 48
91 301 73
301 91 73
62 133 95
133 62 95
42 300 94
300 42 94
113 115 26
115 113 26
41 331 27
331 41 27
6 192 4
192 6 4
105 118 56
118 105 56
39 188 85
188 39 85
76 149 49
149 76 49
12 17 44
17 12 44
53 323 58
323 53 58
18 206 100
206 18 100
16 193 23
193 16 23
46 122 54
122 46 54
95 221 37
221 95 37
14 48 6
48 14 6
14 122 6
122 14 6
1 188 68
188 1 68
39 107 72
107 39 72
18 54 89
54 18 89
86 314 92
314 86 92
27 316 6
316 27 6
3 29 4
29 3 4
103 122 60
122 103 60
61 251 13
251 61 13
110 160 13
160 110 13
60 218 67
218 60 67
80 252 18
252 80 18
53 227 57
227 53 57
56 171 45
171 56 45
62 97 9
97 62 9
68 88 100
88 68 100
94 189 19
189 94 19
25 289 99
289 25 99
6 100 73
100 6 73
53 176 75
176 53 75
57 93 56
93 57 56
97 283 87
283 97 87
67 328 81
328 67 81
21 66 60
66 21 60
29 205 58
205 29 58
105 155 99
155 105 99
41 47 6
47 41 6
16 20 90
20 16 90
17 39 57
39 17 57
77 325 27
325 77 27
43 62 41
62 43 41
64 195 71
195 64 71
105 338 98
338 105 98
94 259 55
259 94 55
88 146 40
146 88 40
51 158 75
158 51 75
102 166 67
166 102 67
43 322 44
322 43 44
43 123 74
123 43 74
112 277 76
277 112 76
57 127 52
127 57 52
98 293 51
293 98 51
28 315 27
315 28 27
59 99 76
99 59 76
61 247 73
247 61 73
40 86 93
86 40 93
51 181 13
181 51 13
91 92 35
92 91 35
90 146 26
146 90 26
112 305 97
305 112 97
91 290 34
290 91 34
89 285 50
285 89 50
53 130 1
130 53 1
17 100 33
100 17 33
113 178 51
178 113 51
5 199 45
199 5 45
46 169 27
169 46 27
34 249 41
249 34 41
44 106 30
106 44 30
19 98 9
98 19 9
61 199 48
199 61 48
66 236 58
236 66 58
95 330 17
330 95 17
20 22 47
22 20 47
31 64 50
64 31 50
52 295 44
295 52 44
29 251 97
251 29 97
30 149 3
149 30 3
41 58 2
58 41 2
116 211 97
211 116 97
91 245 28
245 91 28
46 266 42
266 46 42
55 123 48
123 55 48
51 173 32
173 51 32
105 209 3
209 105 3
49 300 29
300 49 29
42 210 90
210 42 90
12 173 63
173 12 63
48 56 29
56 48 29
92 282 35
282 92 35
68 176 84
176 68 84
105 274 37
274 105 37
26 85 22
85 26 22
110 122 11
122 110 11
2 188 15
188 2 15
48 92 36
92 48 36
35 152 41
152 35 41
32 35 16
35 32 16
76 168 77
168 76 77
16 161 45
161 16 45
87 152 42
152 87 42
113 351 83
351 113 83
80 183 10
183 80 10
27 345 71
345 27 71
16 307 41
307 16 41
108 201 36
201 108 36
44 248 75
248 44 75
42 189 8
189 42 8
74 159 81
159 74 81
107 115 94
115 107 94
24 226 46
226 24 46
82 181 11
181 82 11
97 248 38
248 97 38
111 196 58
196 111 58
31 201 75
201 31 75
95 259 23
259 95 23
106 155 32
155 106 32
46 201 92
201 46 92
64 185 14
185 64 14
10 53 71
53 10 71
81 304 57
304 81 57
107 253 30
253 107 30
79 170 67
170 79 67
85 265 80
265 85 80
45 132 35
132 45 35
57 77 39
77 57 39
32 123 36
123 32 36
79 122 6
122 79 6
64 220 83
220 64 83
99 107 33
107 99 33
8 247 7
247 8 7
76 103 3
103 76 3
17 66 67
66 17 67
81 352 51
352 81 51
50 235 45
235 50 45
29 192 6
192 29 6
96 332 69
332 96 69
37 41 64
41 37 64
110 278 72
278 110 72
51 297 33
297 51 33
29 65 18
65 29 18
23 144 14
144 23 14
103 274 94
274 103 94
101 348 60
348 101 60
73 330 56
330 73 56
72 323 44
323 72 44
18 84 31
84 18 31
53 220 8
220 53 8
24 66 64
66 24 64
105 235 97
235 105 97
24 328 39
328 24 39
18 105 13
105 18 13
9 156 13
156 9 13
104 146 67
146 104 67
114 227 98
227 114 98
75 348 72
348 75 72
104 263 19
263 104 19
68 99 60
99 68 60
10 16 54
16 10 54
46 118 38
118 46 38
13 22 53
22 13 53
13 210 72
210 13 72
14 38 73
38 14 73
81 198 23
198 81 23
84 279 16
279 84 16
17 314 6
314 17 6
17 87 4
87 17 4
85 335 52
335 85 52
106 316 77
316 106 77
48 117 2
117 48 2
5 218 89
218 5 89
17 167 25
167 17 25
104 156 11
156 104 11
54 224 21
224 54 21
37 338 58
338 37 58
18 275 95
275 18 95
101 136 86
136 101 86
21 31 69
31 21 69
105 254 91
254 105 91
53 303 88
303 53 88
29 294 69
294 29 69
97 191 61
191 97 61
108 123 40
123 108 40
79 256 6
256 79 6
84 223 98
223 84 98
2 27 10
27 2 10
93 121 85
121 93 85
37 284 43
284 37 43
85 95 77
95 85 77
91 177 52
177 91 52
64 160 41
160 64 41
65 193 76
193 65 76
89 314 84
314 89 84
114 222 94
222 114 94
101 211 43
211 101 43
63 82 98
82 63 98
26 253 49
253 26 49
51 140 86
140 51 86
69 289 88
289 69 88
35 122 84
122 35 84
100 267 58
267 100 58
84 277 71
277 84 71
38 262 26
262 38 26
38 301 71
301 38 71
99 291 16
291 99 16
66 299 50
299 66 50
8 292 70
292 8 70
95 321 17
321 95 17
67 144 85
144 67 85
78 310 48
310 78 48
91 258 52
258 91 52
42 52 77
52 42 77
2 338 99
338 2 99
78 323 14
323 78 14
86 280 78
280 86 78
63 299 81
299 63 81
53 95 58
95 53 58
2 252 40
252 2 40
16 155 16
155 16 16
110 268 41
268 110 41
58 312 50
312 58 50
17 145 47
145 17 47
56 257 15
257 56 15
77 164 13
164 77 13
117 169 51
169 117 51
91 234 74
234 91 74
99 206 37
206 99 37
4 124 2
124 4 2
95 315 43
315 95 43
39 115 85
115 39 85
25 149 79
149 25 79
10 162 22
162 10 22
79 253 51
253 79 51
29 255 77
255 29 77
7 158 64
158 7 64
55 238 76
238 55 76
116 272 42
272 116 42
99 113 54
113 99 54
4 80 75
80 4 75
67 267 13
267 67 13
53 254 20
254 53 20
95 167 85
167 95 85
70 195 56
195 70 56
24 252 45
252 24 45
101 151 20
151 101 20
46 308 42
308 46 42
37 140 92
140 37 92
15 88 86
88 15 86
60 173 64
173 60 64
20 116 19
116 20 19
40 309 68
309 40 68
14 190 24
190 14 24
34 237 39
237 34 39
28 223 19
223 28 19
12 163 50
163 12 50
79 159 92
159 79 92
64 346 50
346 64 50
55 232 5
232 55 5
12 232 92
232 12 92
41 275 30
275 41 30
22 35 56
35 22 56
5 312 74
312 5 74
93 227 47
227 93 47
73 111 42
111 73 42
109 235 80
235 109 80
59 118 42
118 59 42
91 146 2
146 91 2
57 286 26
286 57 26
63 95 7
95 63 7
10 212 35
212 10 35
76 229 4
229 76 4
83 159 50
159 83 50
72 295 79
295 72 79
80 222 29
222 80 29
76 288 65
288 76 65
61 139 7
139 61 7
90 346 54
346 90 54
53 138 8
138 53 8
86 313 9
313 86 9
26 44 18
44 26 18
76 338 97
338 76 97
31 278 29
278 31 29
45 53 96
53 45 96
10 20 42
20 10 42
74 252 25
252 74 25
22 119 98
119 22 98
9 30 1
30 9 1
14 56 77
56 14 77
114 211 61
211 114 61
52 257 61
257 52 61
17 220 59
220 17 59
48 282 19
282 48 19
59 116 34
116 59 34
23 158 13
158 23 13
81 126 75
126 81 75
15 194 33
194 15 33
59 317 90
317 59 90
61 265 5
265 61 5
83 117 88
117 83 88
96 291 27
291 96 27
48 105 21
105 48 21
70 166 15
166 70 15
3 27 69
27 3 69
111 266 83
266 111 83
80 326 99
326 80 99
1 284 14
284 1 14
83 259 58
259 83 58
46 136 64
136 46 64
23 346 100
346 23 100
95 137 97
137 95 97
68 158 40
158 68 40
27 223 59
223 27 59
16 224 54
224 16 54
67 114 34
114 67 34
74 230 40
230 74 40
52 297 90
297 52 90
71 229 71
229 71 71
61 118 63
118 61 63
71 135 72
135 71 72
109 341 8
341 109 8
1 207 13
207 1 13
68 245 40
245 68 40
5 158 43
158 5 43
56 107 98
107 56 98
58 293 36
293 58 36
9 344 43
344 9 43
90 230 63
230 90 63
16 232 66
232 16 66
6 85 35
85 6 35
98 346 55
346 98 55
57 312 54
312 57 54
39 304 66
304 39 66
106 292 72
292 106 72
33 312 97
312 33 97
53 263 2
263 53 2
52 98 45
98 52 45
93 194 3
194 93 3
95 352 94
352 95 94
9 147 28
147 9 28
41 246 67
246 41 67
10 67 10
67 10 10
105 263 40
263 105 40
1 33 74
33 1 74
5 190 75
190 5 75
77 240 56
240 77 56
103 231 80
231 103 80
5 197 25
197 5 25
54 260 80
260 54 80
92 277 94
277 92 94
43 120 42
120 43 42
57 100 52
100 57 52
69 100 82
100 69 82
7 345 17
345 7 17
32 352 13
352 32 13
30 267 94
267 30 94
40 311 40
311 40 40
41 93 7
93 41 7
38 202 19
202 38 19
40 287 64
287 40 64
91 263 1
263 91 1
47 321 25
321 47 25
47 351 62
351 47 62
36 60 17
60 36 17
59 152 48
152 59 48
90 246 30
246 90 30
50 237 34
237 50 34
9 316 80
316 9 80
8 68 58
68 8 58
62 237 91
237 62 91
98 203 36
203 98 36
53 148 53
148 53 53
52 235 79
235 52 79
96 129 21
129 96 21
75 184 85
184 75 85
54 217 57
217 54 57
113 208 46
208 113 46
62 71 34
71 62 34
44 116 97
116 44 97
111 240 90
240 111 90
92 243 9
243 92 9
24 341 20
341 24 20
34 45 80
45 34 80
111 147 11
147 111 11
18 314 73
314 18 73
5 132 37
132 5 37
47 244 76
244 47 76
109 151 50
151 109 50
37 46 4
46 37 4
87 93 37
93 87 37
25 225 17
225 25 17
34 302 9
302 34 9
78 303 74
303 78 74
24 265 19
265 24 19
96 265 52
265 96 52
93 212 40
212 93 40
29 272 59
272 29 59
43 52 21
52 43 21
107 196 29
196 107 29
28 164 2
164 28 2
112 184 21
184 112 21
12 40 19
40 12 19
21 179 57
179 21 57
26 347 95
347 26 95
28 236 23
236 28 23
43 150 84
150 43 84
65 145 100
145 65 100
24 47 12
47 24 12
100 344 38
344 100 38
56 240 37
240 56 37
109 349 100
349 109 100
31 44 59
44 31 59
63 315 87
315 63 87
51 247 35
247 51 35
41 166 4
166 41 4
69 130 7
130 69 7
8 192 79
192 8 79
32 114 49
114 32 49
44 161 6
161 44 6
55 90 30
90 55 30
22 184 67
184 22 67
101 313 72
313 101 72
46 230 93
230 46 93
115 288 18
288 115 18
114 147 78
147 114 78
44 232 90
232 44 90
7 120 60
120 7 60
13 272 7
272 13 7
1 180 5
180 1 5
59 316 84
316 59 84
1 4 69
4 1 69
1 146 80
146 1 80
100 145 22
145 100 22
7 19 24
19 7 24
56 208 92
208 56 92
16 99 98
99 16 98
89 260 60
260 89 60
24 215 99
215 24 99
67 256 65
256 67 65
86 261 15
261 86 15
14 352 97
352 14 97
92 194 31
194 92 31
82 336 53
336 82 53
52 100 40
100 52 40
53 121 80
121 53 80
66 292 34
292 66 34
20 26 94
26 20 94
89 201 76
201 89 76
33 56 76
56 33 76
81 251 18
251 81 18
12 197 26
197 12 26
5 251 70
251 5 70
28 322 51
322 28 51
43 230 71
230 43 71
15 181 24
181 15 24
19 67 23
67 19 23
21 176 52
176 21 52
53 313 29
313 53 29
69 267 43
267 69 43
108 162 14
162 108 14
71 129 41
129 71 41
60 77 39
77 60 39
58 300 25
300 58 25
87 95 10
95 87 10
5 202 61
202 5 61
60 78 92
78 60 92
112 153 92
153 112 92
50 168 56
168 50 56
65 68 12
68 65 12
27 131 18
131 27 18
20 137 49
137 20 49
22 314 26
314 22 26
68 253 90
253 68 90
19 194 34
194 19 34
63 93 1
93 63 1
45 323 21
323 45 21
80 84 68
84 80 68
19 232 98
232 19 98
91 158 78
158 91 78
15 291 72
291 15 72
39 132 22
132 39 22
76 330 55
330 76 55
110 200 48
200 110 48
9 161 91
161 9 91
35 54 34
54 35 34
59 61 47
61 59 47
8 221 65
221 8 65
29 155 9
155 29 9
56 261 84
261 56 84
51 228 12
228 51 12
61 85 39
85 61 39
39 166 46
166 39 46
68 83 36
83 68 36
23 155 95
155 23 95
100 247 14
247 100 14
57 291 41
291 57 41
24 100 59
100 24 59
21 271 29
271 21 29
15 79 92
79 15 92
116 320 47
320 116 47
81 320 74
320 81 74
107 327 46
327 107 46
29 314 99
314 29 99
18 147 54
147 18 54
75 350 97
350 75 97
104 147 45
147 104 45
81 133 42
133 81 42
58 184 11
184 58 11
107 284 77
284 107 77
29 122 25
122 29 25
91 332 1
332 91 1
108 352 1
352 108 1
24 299 63
299 24 63
7 219 56
219 7 56
88 249 64
249 88 64
72 261 60
261 72 60
76 106 7
106 76 7
114 343 23
343 114 23
47 93 56
93 47 56
12 235 10
235 12 10
58 189 82
189 58 82
99 169 63
169 99 63
38 350 38
350 38 38
12 303 33
303 12 33
98 125 12
125 98 12
101 208 38
208 101 38
93 303 10
303 93 10
86 191 100
191 86 100
72 118 51
118 72 51
16 106 55
106 16 55
24 154 9
154 24 9
117 198 66
198 117 66
84 143 34
143 84 34
17 199 98
199 17 98
36 80 47
80 36 47
82 211 58
211 82 58
19 44 51
44 19 51
78 99 81
99 78 81
111 172 58
172 111 58
80 202 33
202 80 33
30 201 21
201 30 21
48 74 29
74 48 29
29 303 89
303 29 89
98 246 86
246 98 86
42 104 94
104 42 94
25 169 65
169 25 65
3 214 83
214 3 83
30 167 65
167 30 65
13 259 78
259 13 78
102 344 43
344 102 43
109 239 57
239 109 57
5 109 45
109 5 45
38 87 3
87 38 3
71 233 90
233 71 90
7 295 11
295 7 11
35 124 25
124 35 25
87 170 7
170 87 7
34 299 10
299 34 10
80 273 96
273 80 96
46 259 35
259 46 35
5 156 89
156 5 89
2 269 72
269 2 72
99 250 13
250 99 13
27 166 57
166 27 57
77 269 56
269 77 56
45 221 10
221 45 10
34 76 78
76 34 78
53 64 46
64 53 46
51 249 98
249 51 98
96 341 72
341 96 72
55 197 45
197 55 45
40 79 27
79 40 27
52 325 63
325 52 63
86 132 41
132 86 41
92 309 24
309 92 24
15 36 95
36 15 95
96 174 23
174 96 23
9 63 79
63 9 79
63 153 99
153 63 99
2 190 74
190 2 74
114 232 40
232 114 40
115 302 35
302 115 35
86 299 9
299 86 9
105 328 11
328 105 11
65 335 85
335 65 85
35 251 18
251 35 18
20 47 15
47 20 15
74 124 86
124 74 86
31 150 8
150 31 8
104 113 67
113 104 67
42 188 44
188 42 44
2 179 42
179 2 42
72 305 9
305 72 9
109 268 2
268 109 2
18 256 19
256 18 19
8 335 48
335 8 48
13 63 25
63 13 25
71 124 34
124 71 34
76 86 22
86 76 22
59 90 79
90 59 79
47 72 4
72 47 4
8 266 72
266 8 72
19 299 49
299 19 49
45 204 50
204 45 50
78 97 83
97 78 83
88 341 10
341 88 10
51 67 66
67 51 66
55 247 21
247 55 21
5 119 47
119 5 47
115 267 9
267 115 9
93 343 23
343 93 23
40 144 7
144 40 7
118 309 100
309 118 100
46 89 75
89 46 75
71 98 67
98 71 67
5 172 61
172 5 61
39 127 87
127 39 87
109 309 22
309 109 22
83 263 52
263 83 52
29 223 98
223 29 98
98 286 88
286 98 88
41 89 79
89 41 79
19 285 6
285 19 6
52 66 70
66 52 70
22 140 96
140 22 96
56 234 16
234 56 16
93 345 31
345 93 31
25 115 16
115 25 16
8 240 40
240 8 40
26 332 6
332 26 6
39 296 29
296 39 29
52 139 31
139 52 31
45 83 84
83 45 84
73 337 44
337 73 44
25 219 68
219 25 68
28 145 76
145 28 76
64 209 10
209 64 10
63 76 30
76 63 30
97 307 25
307 97 25
19 273 30
273 19 30
1 225 41
225 1 41
90 113 19
113 90 19
71 329 44
329 71 44
43 81 1
81 43 1
56 143 50
143 56 50
110 209 24
209 110 24
86 301 7
301 86 7
33 115 96
115 33 96
29 216 46
216 29 46
110 352 26
352 110 26
25 184 48
184 25 48
95 268 95
268 95 95
39 110 97
110 39 97
12 287 4
287 12 4
107 216 55
216 107 55
31 189 78
189 31 78
112 259 53
259 112 53
106 156 66
156 106 66
109 223 65
223 109 65
2 67 24
67 2 24
12 57 53
57 12 53
21 203 43
203 21 43
98 320 67
320 98 67
43 327 28
327 43 28
30 174 71
174 30 71
36 264 72
264 36 72
47 265 17
265 47 17
93 285 63
285 93 63
35 80 23
80 35 23
78 338 19
338 78 19
2 53 99
53 2 99
103 177 48
177 103 48
22 145 33
145 22 33
106 109 53
109 106 53
48 323 7
323 48 7
69 133 75
133 69 75
34 261 66
261 34 66
77 84 25
84 77 25
97 126 85
126 97 85
5 244 99
244 5 99
47 252 20
252 47 20
38 148 71
148 38 71
79 281 6
281 79 6
51 286 56
286 51 56
27 243 77
243 27 77
106 258 81
258 106 81
107 228 74
228 107 74
46 317 82
317 46 82
67 314 32
314 67 32
81 203 25
203 81 25
16 152 90
152 16 90
20 88 48
88 20 48
28 320 29
320 28 29
109 164 80
164 109 80
8 202 14
202 8 14
107 282 13
282 107 13
42 273 76
273 42 76
40 100 57
100 40 57
6 157 56
157 6 56
51 255 83
255 51 83
66 273 50
273 66 50
24 210 40
210 24 40
60 270 99
270 60 99
95 322 47
322 95 47
71 149 99
149 71 99
21 91 40
91 21 40
13 327 5
327 13 5
8 132 98
132 8 98
81 287 73
287 81 73
39 213 38
213 39 38
8 128 10
128 8 10
11 27 7
27 11 7
50 279 47
279 50 47
77 247 15
247 77 15
73 308 83
308 73 83
102 225 82
225 102 82
49 197 15
197 49 15
7 254 98
254 7 98
2 109 35
109 2 35
39 113 10
113 39 10
46 205 70
205 46 70
9 308 44
308 9 44
70 187 89
187 70 89
5 305 16
305 5 16
11 210 86
210 11 86
39 92 38
92 39 38
54 221 72
221 54 72
10 343 79
343 10 79
68 229 99
229 68 99
55 208 14
208 55 14
98 309 70
309 98 70
16 302 26
302 16 26
63 320 39
320 63 39
82 155 74
155 82 74
59 320 17
320 59 17
84 165 77
165 84 77
89 206 36
206 89 36
5 271 59
271 5 59
7 306 49
306 7 49
30 349 56
349 30 56
55 177 14
177 55 14
18 219 39
219 18 39
18 214 72
214 18 72
94 131 66
131 94 66
50 346 53
346 50 53
110 351 68
351 110 68
12 180 81
180 12 81
20 185 19
185 20 19
40 296 80
296 40 80
44 260 63
260 44 63
59 321 90
321 59 90
7 36 11
36 7 11
15 122 49
122 15 49
71 213 95
213 71 95
1 246 66
246 1 66
40 237 73
237 40 73
74 223 90
223 74 90
114 150 15
150 114 15
8 163 24
163 8 24
61 183 33
183 61 33
32 185 88
185 32 88
119 171 43
171 119 43
10 156 53
156 10 53
28 203 34
203 28 34
110 135 86
135 110 86
26 262 83
262 26 83
63 71 2
71 63 2
97 214 80
214 97 80
69 150 18
150 69 18
35 193 6
193 35 6
17 332 96
332 17 96
32 141 87
141 32 87
116 296 45
296 116 45
90 289 89
289 90 89
36 206 13
206 36 13
4 251 46
251 4 46
6 196 10
196 6 10
66 289 85
289 66 85
65 184 94
184 65 94
8 173 69
173 8 69
113 274 94
274 113 94
27 236 97
236 27 97
35 331 44
331 35 44
119 158 48
158 119 48
117 314 7
314 117 7
54 208 66
208 54 66
45 335 70
335 45 70
49 262 14
262 49 14
54 109 93
109 54 93
72 141 65
141 72 65
27 293 34
293 27 34
41 79 3
79 41 3
34 123 75
123 34 75
65 72 60
72 65 60
61 136 19
136 61 19
81 93 62
93 81 62
96 261 36
261 96 36
39 253 85
253 39 85
80 142 81
142 80 81
98 210 43
210 98 43
72 247 7
247 72 7
45 280 94
280 45 94
93 344 24
344 93 24
72 108 74
108 72 74
110 181 42
181 110 42
43 349 31
349 43 31
30 74 89
74 30 89
12 187 98
187 12 98
36 252 72
252 36 72
77 124 11
124 77 11
11 83 89
83 11 89
77 284 11
284 77 11
67 120 63
120 67 63
45 102 7
102 45 7
81 155 16
155 81 16
14 39 65
39 14 65
78 95 63
95 78 63
31 116 25
116 31 25
57 203 35
203 57 35
7 312 83
312 7 83
72 248 93
248 72 93
101 127 23
127 101 23
1 266 86
266 1 86
18 137 29
137 18 29
3 202 41
202 3 41
59 65 98
65 59 98
54 263 68
263 54 68
107 139 18
139 107 18
114 281 52
281 114 52
15 282 75
282 15 75
59 213 98
213 59 98
117 269 38
269 117 38
98 232 15
232 98 15
21 175 81
175 21 81
106 126 91
126 106 91
37 187 89
187 37 89
75 127 66
127 75 66
81 107 93
107 81 93
21 211 74
211 21 74
104 274 22
274 104 22
111 177 49
177 111 49
77 291 1
291 77 1
18 103 59
103 18 59
77 306 14
306 77 14
26 329 38
329 26 38
21 318 81
318 21 81
56 335 10
335 56 10
112 172 26
172 112 26
54 339 54
339 54 54
15 339 29
339 15 29
48 247 15
247 48 15
54 305 40
305 54 40
75 212 8
212 75 8
61 250 73
250 61 73
89 129 45
129 89 45
2 292 71
292 2 71
30 247 85
247 30 85
66 132 8
132 66 8
78 249 42
249 78 42
86 183 26
183 86 26
53 74 14
74 53 14
15 295 2
295 15 2
15 231 81
231 15 81
115 233 54
233 115 54
79 238 100
238 79 100
4 346 85
346 4 85
95 182 8
182 95 8
113 205 17
205 113 17
118 299 55
299 118 55
106 203 16
203 106 16
93 106 94
106 93 94
80 275 35
275 80 35
113 232 96
232 113 96
68 290 63
290 68 63
93 298 6
298 93 6
25 42 88
42 25 88
34 227 60
227 34 60
47 104 60
104 47 60
7 339 78
339 7 78
43 222 80
222 43 80
16 77 62
77 16 62
78 200 13
200 78 13
97 281 9
281 97 9
58 196 98
196 58 98
68 151 37
151 68 37
17 166 52
166 17 52
56 310 26
310 56 26
57 239 6
239 57 6
50 65 87
65 50 87
2 169 22
169 2 22
44 153 43
153 44 43
74 264 27
264 74 27
9 65 51
65 9 51
47 121 96
121 47 96
11 108 42
108 11 42
2 259 61
259 2 61
21 266 40
266 21 40
95 222 97
222 95 97
51 147 67
147 51 67
52 232 60
232 52 60
20 105 4
105 20 4
74 106 62
106 74 62
31 323 88
323 31 88
45 297 72
297 45 72
120 165 86
165 120 86
116 145 89
145 116 89
59 285 88
285 59 88
118 171 3
171 118 3
84 224 16
224 84 16
45 267 99
267 45 99
21 322 25
322 21 25
117 329 54
329 117 54
102 255 25
255 102 25
6 115 65
115 6 65
98 130 2
130 98 2
48 183 84
183 48 84
2 349 32
349 2 32
69 103 11
103 69 11
77 286 97
286 77 97
89 262 25
262 89 25
44 56 12
56 44 12
60 327 88
327 60 88
44 204 82
204 44 82
59 311 76
311 59 76
109 324 42
324 109 42
63 302 39
302 63 39
54 122 78
122 54 78
101 145 81
145 101 81
97 135 98
135 97 98
109 169 98
169 109 98
25 141 45
141 25 45
51 311 41
311 51 41
7 277 54
277 7 54
18 247 41
247 18 41
41 176 81
176 41 81
39 316 17
316 39 17
19 348 41
348 19 41
85 250 55
250 85 55
40 347 8
347 40 8
10 110 38
110 10 38
110 150 41
150 110 41
117 341 70
341 117 70
26 227 2
227 26 2
72 287 96
287 72 96
44 156 63
156 44 63
100 251 22
251 100 22
10 220 97
220 10 97
3 152 74
152 3 74
113 187 25
187 113 25
39 149 50
149 39 50
25 296 39
296 25 39
41 55 4
55 41 4
53 290 43
290 53 43
49 83 75
83 49 75
116 117 23
117 116 23
92 204 81
204 92 81
77 313 83
313 77 83
70 295 26
295 70 26
106 177 32
177 106 32
81 341 86
341 81 86
64 296 14
296 64 14
22 282 82
282 22 82
2 145 1
145 2 1
115 270 93
270 115 93
110 238 62
238 110 62
14 293 12
293 14 12
28 305 47
305 28 47
43 122 70
122 43 70
14 29 71
29 14 71
49 274 18
274 49 18
98 263 23
263 98 23
23 335 94
335 23 94
93 259 94
259 93 94
46 115 29
115 46 29
4 78 81
78 4 81
102 243 2
243 102 2
119 299 42
299 119 42
24 331 71
331 24 71
85 258 41
258 85 41
61 288 33
288 61 33
112 160 1
160 112 1
36 304 89
304 36 89
71 152 18
152 71 18
46 87 35
87 46 35
63 215 76
215 63 76
51 81 65
81 51 65
98 255 47
255 98 47
36 281 99
281 36 99
60 90 54
90 60 54
18 42 42
42 18 42
43 46 100
46 43 100
32 332 98
332 32 98
111 225 53
225 111 53
8 160 63
160 8 63
21 127 11
127 21 11
52 311 1
311 52 1
62 294 5
294 62 5
84 241 20
241 84 20
74 175 76
175 74 76
100 236 16
236 100 16
112 147 95
147 112 95
10 146 85
146 10 85
114 116 71
116 114 71
58 282 17
282 58 17
93 235 8
235 93 8
63 210 48
210 63 48
105 146 82
146 105 82
70 197 53
197 70 53
38 259 16
259 38 16
93 164 16
164 93 16
47 195 41
195 47 41
95 248 35
248 95 35
5 128 59
128 5 59
119 246 97
246 119 97
95 275 84
275 95 84
55 295 95
295 55 95
1 319 59
319 1 59
100 128 25
128 100 25
33 136 16
136 33 16
64 229 37
229 64 37
17 294 51
294 17 51
26 306 81
306 26 81
63 161 27
161 63 27
99 152 87
152 99 87
103 141 22
141 103 22
41 299 36
299 41 36
76 326 35
326 76 35
7 45 38
45 7 38
29 292 74
292 29 74
75 178 23
178 75 23
87 134 11
134 87 11
65 250 54
250 65 54
24 35 22
35 24 22
17 315 48
315 17 48
23 177 42
177 23 42
76 247 41
247 76 41
99 148 73
148 99 73
83 284 52
284 83 52
73 80 74
80 73 74
41 173 12
173 41 12
85 278 20
278 85 20
79 232 45
232 79 45
32 286 42
286 32 42
11 56 10
56 11 10
94 312 83
312 94 83
26 146 56
146 26 56
27 260 69
260 27 69
82 259 75
259 82 75
75 337 92
337 75 92
38 340 36
340 38 36
14 161 80
161 14 80
45 262 50
262 45 50
83 229 19
229 83 19
48 158 93
158 48 93
54 182 40
182 54 40
6 314 8
314 6 8
105 280 49
280 105 49
57 274 46
274 57 46
99 227 50
227 99 50
25 221 87
221 25 87
101 339 46
339 101 46
12 53 99
53 12 99
29 50 41
50 29 41
112 194 4
194 112 4
10 288 6
288 10 6
76 140 84
140 76 84
75 138 7
138 75 7
94 342 81
342 94 81
37 347 59
347 37 59
82 230 12
230 82 12
71 255 44
255 71 44
11 348 23
348 11 23
105 215 74
215 105 74
60 195 27
195 60 27
120 331 18
331 120 18
19 195 69
195 19 69
31 301 74
301 31 74
61 128 72
128 61 72
106 281 87
281 106 87
75 266 51
266 75 51
108 241 56
241 108 56
25 330 99
330 25 99
64 322 35
322 64 35
29 82 49
82 29 49
107 351 89
351 107 89
94 156 73
156 94 73
86 297 51
297 86 51
18 51 1
51 18 1
117 207 46
207 117 46
38 318 55
318 38 55
67 97 14
97 67 14
5 59 20
59 5 20
70 245 75
245 70 75
87 318 76
318 87 76
43 291 40
291 43 40
86 277 30
277 86 30
18 189 57
189 18 57
12 220 79
220 12 79
93 327 54
327 93 54
67 352 1
352 67 1
26 194 57
194 26 57
100 265 84
265 100 84
77 348 96
348 77 96
29 345 86
345 29 86
3 191 78
191 3 78
51 172 48
172 51 48
74 119 16
119 74 16
37 91 73
91 37 73
4 213 14
213 4 14
99 142 29
142 99 29
21 157 40
157 21 40
47 346 84
346 47 84
66 272 82
272 66 82
26 220 99
220 26 99
45 329 27
329 45 27
5 20 87
20 5 87
103 225 5
225 103 5
109 124 6
124 109 6
46 218 56
218 46 56
105 266 87
266 105 87
67 164 6
164 67 6
29 269 9
269 29 9
35 56 38
56 35 38
1 290 22
290 1 22
39 87 75
87 39 75
94 132 96
132 94 96
101 196 66
196 101 66
41 44 53
44 41 53
61 344 62
344 61 62
54 317 47
317 54 47
74 344 24
344 74 24
22 163 86
163 22 86
115 140 100
140 115 100
114 126 9
126 114 9
13 275 15
275 13 15
101 203 78
203 101 78
106 141 21
141 106 21
10 232 50
232 10 50
110 183 4
183 110 4
40 176 32
176 40 32
9 319 37
319 9 37
63 91 93
91 63 93
12 161 75
161 12 75
71 104 12
104 71 12
9 108 18
108 9 18
71 107 99
107 71 99
110 134 54
134 110 54
15 89 74
89 15 74
32 321 32
321 32 32
96 165 18
165 96 18
10 104 32
104 10 32
49 103 68
103 49 68
88 183 39
183 88 39
16 40 3
40 16 3
109 289 47
289 109 47
18 205 96
205 18 96
39 319 1
319 39 1
112 302 85
302 112 85
99 247 94
247 99 94
74 316 71
316 74 71
101 336 62
336 101 62
34 190 75
190 34 75
86 138 36
138 86 36
30 80 31
80 30 31
43 207 46
207 43 46
33 286 6
286 33 6
91 293 39
293 91 39
35 58 98
58 35 98
83 178 70
178 83 70
62 90 49
90 62 49
113 126 2
126 113 2
61 184 8
184 61 8
121 278 26
278 121 26
74 85 18
85 74 18
10 287 92
287 10 92
36 235 65
235 36 65
25 180 97
180 25 97
15 167 84
167 15 84
99 308 63
308 99 63
52 125 65
125 52 65
40 118 81
118 40 81
10 303 27
303 10 27
97 332 41
332 97 41
62 307 70
307 62 70
114 209 7
209 114 7
38 115 50
115 38 50
89 177 50
177 89 50
7 28 94
28 7 94
48 280 29
280 48 29
37 92 54
92 37 54
7 203 80
203 7 80
113 291 2
291 113 2
21 323 79
323 21 79
65 213 8
213 65 8
9 53 98
53 9 98
118 278 20
278 118 20
1 123 97
123 1 97
88 270 83
270 88 83
1 39 54
39 1 54
72 319 58
319 72 58
27 342 77
342 27 77
52 179 51
179 52 51
37 352 11
352 37 11
75 122 12
122 75 12
95 282 50
282 95 50
61 90 71
90 61 71
11 263 7
263 11 7
17 108 19
108 17 19
45 220 97
220 45 97
4 133 52
133 4 52
51 251 50
251 51 50
49 250 68
250 49 68
86 165 48
165 86 48
94 163 28
163 94 28
24 222 97
222 24 97
49 316 29
316 49 29
15 116 54
116 15 54
89 98 44
98 89 44
90 123 76
123 90 76
81 337 20
337 81 20
105 349 52
349 105 52
81 296 63
296 81 63
83 294 33
294 83 33
8 157 82
157 8 82
20 138 55
138 20 55
92 235 1
235 92 1
19 260 98
260 19 98
116 239 17
239 116 17
79 248 76
248 79 76
69 342 96
342 69 96
67 160 31
160 67 31
30 345 54
345 30 54
84 179 10
179 84 10
119 136 42
136 119 42
32 100 82
100 32 82
120 173 73
173 120 73
10 38 24
38 10 24
20 152 72
152 20 72
66 343 21
343 66 21
20 132 28
132 20 28
53 232 52
232 53 52
7 14 21
14 7 21
61 284 64
284 61 64
119 207 40
207 119 40
68 201 13
201 68 13
56 260 38
260 56 38
38 288 92
288 38 92
99 190 67
190 99 67
97 156 6
156 97 6
89 155 99
155 89 99
35 123 100
123 35 100
75 92 59
92 75 59
55 324 77
324 55 77
25 122 56
122 25 56
59 162 76
162 59 76
43 262 25
262 43 25
111 328 77
328 111 77
114 305 62
305 114 62
7 195 41
195 7 41
42 183 39
183 42 39
